,0,633,191,1,1,10418,2800,-0.000312332,-1.06156,3级越限
,0,633,191,1,1,10418,2800,-0.000312332,-1.06156,3级越限
,0,632,49,1,1,10407,884,0.112308,-0.0112252,3级越限
,0,569,392,1,1,8318,4004,0.10961,0.258416,3级越限
,0,593,481,1,1,8925,6131,0.549357,-0.0394126,3级越限
,0,593,594,1,1,8925,9168,-0.256753,-0.00924219,3级越限
,0,490,380,1,1,6663,3918,-0.0917533,-0.0659097,3级越限
,0,490,491,1,1,6663,6656,0.0873607,0.0792004,3级越限
,0,555,494,1,1,7858,6617,0.0483874,0.00296301,3级越限
,0,439,440,1,1,5027,2121,-1.09974,-0.0813233,3级越限
,0,439,440,1,1,5027,2121,-1.09974,-0.0813233,3级越限
,0,14,13,1,1,359,943,8.50103,0.987894,3级越限
,0,14,13,1,1,359,943,8.50103,0.987894,3级越限
,0,63,59,1,1,979,1233,0.321441,0.164608,3级越限
,0,61,55,1,1,3332,1039,-0.159908,-0.0387746,3级越限
,0,239,108,1,1,2935,1184,4.42213,0.742091,3级越限
,0,239,108,1,1,2935,1184,4.42213,0.742091,3级越限
,0,239,185,1,1,2935,995,-19.0008,-0.631209,3级越限
,0,239,185,1,1,2935,995,-19.0008,-0.631209,3级越限
,0,239,185,1,1,2935,995,-19.0008,-0.631209,3级越限
,0,239,185,1,1,2935,995,-19.0008,-0.631209,3级越限
,0,56,247,1,1,600,2452,0.971117,-0.264017,3级越限
,0,56,55,1,1,600,1039,-0.582898,-0.0899351,3级越限
,0,56,28,1,1,600,1767,-0.910968,0.272162,3级越限
,0,321,443,1,1,3360,5037,1.78817,-0.118281,3级越限
,0,321,443,1,1,3360,5037,1.78817,-0.118281,3级越限
,0,321,64,1,1,3360,3284,-1.18474,-0.0335042,3级越限
,0,321,59,1,1,3360,1233,-1.86224,-0.00394726,3级越限
,0,49,632,1,1,884,10407,-0.112307,0.0102273,3级越限
,0,49,437,1,1,884,5000,-0.406609,0.0898869,3级越限
,0,49,48,1,1,884,1637,0.887859,-0.0196373,3级越限
,0,155,168,1,1,630,2238,-3.01074,-0.872616,3级越限
,0,155,366,1,1,630,3840,0.968866,1.66851,3级越限
,0,155,366,1,1,630,3840,0.968866,1.66851,3级越限
,0,155,588,1,1,630,8773,2.17871,-1.65898,3级越限
,0,155,588,1,1,630,8773,2.17871,-1.65898,3级越限
,0,155,119,1,1,630,1603,-14.0755,-1.59148,3级越限
,0,155,119,1,1,630,1603,-14.0755,-1.59148,3级越限
,0,69,611,1,1,1204,10030,-2.67269,0.470343,3级越限
,0,69,67,1,1,1204,1157,-0.0100745,0.474361,3级越限
,0,69,67,1,1,1204,1157,-0.0100745,0.474361,3级越限
,0,69,618,1,1,1204,8505,4.39765,-2.83367,3级越限
,0,69,618,1,1,1204,8505,4.39765,-2.83367,3级越限
,0,69,156,1,1,1204,1613,-5.05115,1.27382,3级越限
,0,69,156,1,1,1204,1613,-5.05115,1.27382,3级越限
,0,130,44,1,1,2250,3313,-1.19723e-05,5.99962e-05,3级越限
,0,176,206,1,1,3193,2802,-3.84072,0.0374234,3级越限
,0,176,206,1,1,3193,2802,-3.84072,0.0374234,3级越限
,0,176,542,1,1,3193,7297,1.88798,0.087441,3级越限
,0,176,542,1,1,3193,7297,1.88798,0.087441,3级越限
,0,176,175,1,1,3193,436,0.781271,-0.47597,3级越限
,0,176,175,1,1,3193,436,0.781271,-0.47597,3级越限
,0,228,229,1,1,10913,2386,-0.588908,0.0733779,3级越限
,0,228,80,1,1,10913,1403,0.588907,-0.0733784,3级越限
,0,304,303,1,1,559,3265,-0.0135025,-0.0199622,3级越限
,0,137,449,1,1,981,5140,-0.299064,-0.17866,3级越限
,0,137,493,1,1,981,6611,-0.200312,-0.147642,3级越限
,0,137,66,1,1,981,2213,-2.57156,0.367267,3级越限
,0,137,66,1,1,981,2213,-2.57156,0.367267,3级越限
,0,137,104,1,1,981,804,1.37276,-0.0557754,3级越限
,0,137,104,1,1,981,804,1.37276,-0.0557754,3级越限
,0,141,100,1,1,1097,1551,5.71026,-1.27017,3级越限
,0,141,100,1,1,1097,1551,5.71026,-1.27017,3级越限
,0,147,146,1,1,937,1814,0.354918,0.0665267,3级越限
,0,595,145,1,1,9118,1165,-1.0995,0.15652,3级越限
,0,595,319,1,1,9118,830,0.375876,-0.194254,3级越限
,0,510,509,1,1,6729,6718,-0.0226688,-0.0315194,3级越限
,0,510,509,1,1,6729,6718,-0.0226688,-0.0315194,3级越限
,0,484,483,1,1,5122,6562,6.06476,-0.198189,3级越限
,0,81,82,1,1,1638,1284,-0.627923,0.0279247,3级越限
,0,18,424,1,1,1588,4921,-1.47943,-0.162064,3级越限
,0,18,17,1,1,1588,488,-0.773292,0.0558737,3级越限
,0,18,103,1,1,1588,1655,0.863985,-0.0403888,3级越限
,0,18,103,1,1,1588,1655,0.863985,-0.0403888,3级越限
,0,262,265,1,1,2676,588,1.74959,0.383159,3级越限
,0,262,265,1,1,2676,588,1.74959,0.383159,3级越限
,0,262,217,1,1,2676,1297,-2.06768,-0.274178,3级越限
,0,262,217,1,1,2676,1297,-2.06768,-0.274178,3级越限
,0,323,315,1,1,3399,1892,-0.0800905,0.0967837,3级越限
,0,2,6,1,1,4159,365,-17.2581,11.6206,3级越限
,0,2,1,1,1,4159,1725,34.6227,-5.14517,3级越限
,0,2,1,1,1,4159,1725,34.6227,-5.14517,3级越限
,0,2,3,1,1,4159,364,-17.2153,11.5638,3级越限
,0,311,73,1,1,3346,1173,0.464428,-0.053639,3级越限
,0,258,625,1,1,10914,8774,-1.88947,0.0259693,3级越限
,0,258,257,1,1,10914,10909,0.480529,-0.13191,3级越限
,0,274,41,1,1,3055,1456,-3.02,-0.949995,3级越限
,0,274,41,1,1,3055,1456,-3.02,-0.949995,3级越限
,0,225,224,1,1,2389,685,32.4985,-3.06607,3级越限
,0,225,224,1,1,2389,685,32.4985,-3.06607,3级越限
,0,225,224,1,1,2389,685,32.4985,-3.06607,3级越限
,0,225,224,1,1,2389,685,32.4985,-3.06607,3级越限
,0,225,244,1,1,2389,2419,-7.21667,-2.3312,3级越限
,0,568,245,1,1,8316,3166,-0.304852,0.0130891,3级越限
,0,566,516,1,1,8312,4851,-0.0145382,-0.047491,3级越限
,0,483,484,1,1,6562,5122,-6.03989,-0.0186896,3级越限
,0,483,191,1,1,6562,2800,1.36143,0.959449,3级越限
,0,483,191,1,1,6562,2800,1.36143,0.959449,3级越限
,0,469,171,1,1,5749,1293,-1.48749,-0.0776862,3级越限
,0,469,391,1,1,5749,3931,1.79349,0.19003,3级越限
,0,467,369,1,1,6843,3841,0.0156599,0.0378655,3级越限
,0,625,258,1,1,8774,10914,1.89374,-0.0104231,3级越限
,0,625,626,1,1,8774,1898,0.283753,-0.274526,3级越限
,0,16,15,1,1,325,886,-10.4088,-0.776302,3级越限
,0,16,15,1,1,325,886,-10.4088,-0.776302,3级越限
,0,51,50,1,1,517,1754,0.236445,0.0952751,3级越限
,0,41,274,1,1,1456,3055,3.02308,0.963759,3级越限
,0,41,274,1,1,1456,3055,3.02308,0.963759,3级越限
,0,41,393,1,1,1456,3437,-4.2142,-0.952809,3级越限
,0,41,393,1,1,1456,3437,-4.2142,-0.952809,3级越限
,0,41,40,1,1,1456,846,-2.12627,0.374917,3级越限
,0,41,368,1,1,1456,3875,0.076534,0.0426884,3级越限
,0,41,368,1,1,1456,3875,0.076534,0.0426884,3级越限
,0,41,365,1,1,1456,3827,2.24676,-0.306657,3级越限
,0,41,365,1,1,1456,3827,2.24676,-0.306657,3级越限
,0,21,22,1,1,1921,2056,-1.07142,-0.0856253,3级越限
,0,21,338,1,1,1921,3595,0.371363,0.327705,3级越限
,0,21,90,1,1,1921,616,-0.27598,-0.13433,3级越限
,0,21,84,1,1,1921,3212,-1.12738,-0.199682,3级越限
,0,21,273,1,1,1921,3040,2.5046,0.0639489,3级越限
,0,21,273,1,1,1921,3040,2.5046,0.0639489,3级越限
,0,282,246,1,1,2728,3005,-2.00678,0.187383,3级越限
,0,282,246,1,1,2728,3005,-2.00678,0.187383,3级越限
,0,282,397,1,1,2728,4075,1.15107,-0.195117,3级越限
,0,603,511,1,1,9903,6713,0.48018,0.0794299,3级越限
,0,603,512,1,1,9903,6734,0.225019,0.203504,3级越限
,0,206,176,1,1,2802,3193,3.84864,-0.0295819,3级越限
,0,206,176,1,1,2802,3193,3.84864,-0.0295819,3级越限
,0,206,144,1,1,2802,1786,4.28163,0.322572,3级越限
,0,206,144,1,1,2802,1786,4.28163,0.322572,3级越限
,0,206,428,1,1,2802,4953,-4.36447,0.590357,3级越限
,0,206,428,1,1,2802,4953,-4.36447,0.590357,3级越限
,0,206,461,1,1,2802,5310,-2.55651,0.370831,3级越限
,0,8,89,1,1,2496,1390,-1.11407,3.16531,3级越限
,0,8,89,1,1,2496,1390,-1.11407,3.16531,3级越限
,0,8,329,1,1,2496,3488,8.30436,-1.52183,3级越限
,0,8,329,1,1,2496,3488,8.30436,-1.52183,3级越限
,0,8,7,1,1,2496,189,-10.9612,2.16476,3级越限
,0,8,7,1,1,2496,189,-10.9612,2.16476,3级越限
,0,8,376,1,1,2496,240,17.7579,-7.71148,3级越限
,0,8,376,1,1,2496,240,17.7579,-7.71148,3级越限
,0,8,364,1,1,2496,3793,-11.4825,1.46163,3级越限
,0,8,364,1,1,2496,3793,-11.4825,1.46163,3级越限
,0,85,171,1,1,2243,1293,1.5056,0.0925107,3级越限
,0,85,86,1,1,2243,1652,-0.724752,-0.0722555,3级越限
,0,246,282,1,1,3005,2728,2.00898,-0.199329,3级越限
,0,246,282,1,1,3005,2728,2.00898,-0.199329,3级越限
,0,246,245,1,1,3005,3166,1.3245,0.0972716,3级越限
,0,246,245,1,1,3005,3166,1.3245,0.0972716,3级越限
,0,246,254,1,1,3005,1669,1.21388,0.186542,3级越限
,0,246,254,1,1,3005,1669,1.21388,0.186542,3级越限
,0,246,565,1,1,3005,8310,-0.000747545,-0.103545,3级越限
,0,246,540,1,1,3005,7286,0.878513,-0.0372595,3级越限
,0,596,432,1,1,9127,3958,0.42336,-0.00923169,3级越限
,0,393,41,1,1,3437,1456,4.21945,0.974726,3级越限
,0,393,41,1,1,3437,1456,4.21945,0.974726,3级越限
,0,393,389,1,1,3437,4040,-1.19087,0.524702,3级越限
,0,393,389,1,1,3437,4040,-1.19087,0.524702,3级越限
,0,393,522,1,1,3437,6846,0.00158681,-0.0325196,3级越限
,0,204,205,1,1,2363,2315,-0.629129,0.0734822,3级越限
,0,204,80,1,1,2363,1403,0.629129,-0.0734823,3级越限
,0,531,59,1,1,6877,1233,-0.0818685,-0.00139713,3级越限
,0,531,59,1,1,6877,1233,-0.0818685,-0.00139713,3级越限
,0,315,323,1,1,1892,3399,0.080209,-0.168449,3级越限
,0,497,256,1,1,6621,2690,0.187729,-0.158226,3级越限
,0,315,226,1,1,1892,2599,-0.0860329,0.17037,3级越限
,0,497,123,1,1,6621,2102,-0.928558,0.221897,3级越限
,0,367,190,1,1,3868,2824,-0.0413457,-0.021362,3级越限
,0,367,190,1,1,3868,2824,-0.0413457,-0.021362,3级越限
,0,466,337,1,1,5278,2766,-1.03348,-0.151215,3级越限
,0,546,547,1,1,7499,7502,0.219949,0.0510601,3级越限
,0,453,451,1,1,5143,5151,1.40168,0.0299774,3级越限
,0,433,432,1,1,3523,3958,-1.18512,-0.00504244,3级越限
,0,433,432,1,1,3523,3958,-1.18512,-0.00504244,3级越限
,0,433,432,1,1,3523,3958,-1.18512,-0.00504244,3级越限
,0,424,18,1,1,4921,1588,1.48235,0.166561,3级越限
,0,424,17,1,1,4921,488,0.655293,0.191101,3级越限
,0,424,17,1,1,4921,488,0.655293,0.191101,3级越限
,0,424,425,1,1,4921,1138,1.39041,0.0333952,3级越限
,0,424,425,1,1,4921,1138,1.39041,0.0333952,3级越限
,0,424,623,1,1,4921,10242,1.47423,0.293411,3级越限
,0,424,623,1,1,4921,10242,1.47423,0.293411,3级越限
,0,424,181,1,1,4921,722,0.595979,0.275791,3级越限
,0,36,37,1,1,784,1517,6.61745,-0.0439146,3级越限
,0,36,386,1,1,784,3955,12.0692,-1.64925,3级越限
,0,36,386,1,1,784,3955,12.0692,-1.64925,3级越限
,0,36,35,1,1,784,10905,7.07707,-1.08108,3级越限
,0,231,233,1,1,2630,2087,0.225794,-0.286131,3级越限
,0,231,233,1,1,2630,2087,0.225794,-0.286131,3级越限
,0,231,232,1,1,2630,972,-0.551693,0.229768,3级越限
,0,231,232,1,1,2630,972,-0.551693,0.229768,3级越限
,0,57,77,1,1,1177,548,-2.49555,0.309991,3级越限
,0,57,77,1,1,1177,548,-2.49555,0.309991,3级越限
,0,57,58,1,1,1177,1031,1.51923,-0.499274,3级越限
,0,57,58,1,1,1177,1031,1.51923,-0.499274,3级越限
,0,506,507,1,1,6706,6710,-0.149288,-0.0213972,3级越限
,0,135,136,1,1,812,2287,3.95652,0.657352,3级越限
,0,135,136,1,1,812,2287,3.95652,0.657352,3级越限
,0,135,136,1,1,812,2287,3.95652,0.657352,3级越限
,0,22,21,1,1,2056,1921,1.07435,0.0900532,3级越限
,0,82,81,1,1,1284,1638,0.628023,-0.0289035,3级越限
,0,82,396,1,1,1284,4061,0.290199,-0.199536,3级越限
,0,82,396,1,1,1284,4061,0.290199,-0.199536,3级越限
,0,82,83,1,1,1284,1662,2.31576,-0.192643,3级越限
,0,82,83,1,1,1284,1662,2.31576,-0.192643,3级越限
,0,82,159,1,1,1284,1343,-4.20923,0.279343,3级越限
,0,82,159,1,1,1284,1343,-4.20923,0.279343,3级越限
,0,40,41,1,1,846,1456,2.16511,-0.22776,3级越限
,0,40,44,1,1,846,3313,-0.124297,0.107609,3级越限
,0,40,39,1,1,846,1090,0.613774,0.328887,3级越限
,0,256,497,1,1,2690,6621,-0.187378,0.119098,3级越限
,0,256,470,1,1,2690,5752,-0.547052,-0.0226746,3级越限
,0,256,324,1,1,2690,3406,0.15017,-0.172094,3级越限
,0,256,255,1,1,2690,481,-0.312766,-0.0297308,3级越限
,0,261,260,1,1,2750,1854,0.0104743,0.0667861,3级越限
,0,261,280,1,1,2750,2508,-0.259093,0.153843,3级越限
,0,261,280,1,1,2750,2508,-0.259093,0.153843,3级越限
,0,309,277,1,1,10903,2699,-1.3039,-0.130304,3级越限
,0,309,277,1,1,10903,2699,-1.3039,-0.130304,3级越限
,0,363,362,1,1,2415,3790,-0.0464949,-0.0225171,3级越限
,0,630,241,1,1,420,3003,-10.7706,-0.121064,3级越限
,0,630,241,1,1,420,3003,-10.7706,-0.121064,3级越限
,0,480,195,1,1,6224,2903,0.509346,0.105329,3级越限
,0,480,195,1,1,6224,2903,0.509346,0.105329,3级越限
,0,480,170,1,1,6224,636,-1.98455,-0.435522,3级越限
,0,480,170,1,1,6224,636,-1.98455,-0.435522,3级越限
,0,564,122,1,1,8145,1505,1.61711,0.343107,3级越限
,0,564,102,1,1,8145,2073,-0.233341,-0.0144493,3级越限
,0,564,343,1,1,8145,3672,-3.23861,-0.761372,3级越限
,0,564,343,1,1,8145,3672,-3.23861,-0.761372,3级越限
,0,626,625,1,1,1898,8774,-0.283079,0.160506,3级越限
,0,523,159,1,1,6845,1343,-0.0074633,0.116299,3级越限
,0,420,182,1,1,4892,562,-1.88975,-0.535265,3级越限
,0,420,182,1,1,4892,562,-1.88975,-0.535265,3级越限
,0,160,211,1,1,1778,2372,-1.10382,-0.201649,3级越限
,0,160,31,1,1,1778,1559,4.32375,0.506413,3级越限
,0,160,31,1,1,1778,1559,4.32375,0.506413,3级越限
,0,160,183,1,1,1778,2344,-1.76857,-0.156903,3级越限
,0,449,137,1,1,5140,981,0.299592,0.163165,3级越限
,0,302,301,1,1,3294,838,0.204362,0.0761071,3级越限
,0,177,64,1,1,1761,3284,0.921332,-0.101453,3级越限
,0,4,240,1,1,2286,1987,-4.81758,-1.57669,3级越限
,0,4,15,1,1,2286,886,8.37535,5.95002,3级越限
,0,4,15,1,1,2286,886,8.37535,5.95002,3级越限
,0,4,5,1,1,2286,2,-9.39848,-6.95497,3级越限
,0,4,5,1,1,2286,2,-9.39848,-6.95497,3级越限
,0,4,5,1,1,2286,2,-9.39848,-6.95497,3级越限
,0,417,233,1,1,4846,2087,0.905575,-0.170785,3级越限
,0,100,141,1,1,1551,1097,-5.69083,-0.508011,3级越限
,0,100,141,1,1,1551,1097,-5.69083,-0.508011,3级越限
,0,100,178,1,1,1551,2330,-3.56972,-0.938529,3级越限
,0,100,101,1,1,1551,2020,16.5998,-1.6649,3级越限
,0,100,101,1,1,1551,2020,16.5998,-1.6649,3级越限
,0,100,101,1,1,1551,2020,16.5998,-1.6649,3级越限
,0,100,101,1,1,1551,2020,16.5998,-1.6649,3级越限
,0,33,131,1,1,1956,467,-0.953503,-0.883481,3级越限
,0,33,30,1,1,1956,687,-1.60016,0.00243214,3级越限
,0,77,57,1,1,548,1177,2.51684,-0.267217,3级越限
,0,77,57,1,1,548,1177,2.51684,-0.267217,3级越限
,0,77,187,1,1,548,1991,1.43256,-0.536429,3级越限
,0,77,285,1,1,548,3081,-3.96968,1.01186,3级越限
,0,77,285,1,1,548,3081,-3.96968,1.01186,3级越限
,0,287,72,1,1,3202,1264,-0.3873,-0.0538816,3级越限
,0,287,286,1,1,3202,3089,-0.418661,-0.0726495,3级越限
,0,375,374,1,1,2132,3894,0.601613,0.162063,3级越限
,0,378,481,1,1,3798,6131,-3.38173,0.714643,3级越限
,0,378,377,1,1,3798,3902,-0.229921,-0.060631,3级越限
,0,378,464,1,1,3798,5317,-0.526566,-0.160604,3级越限
,0,378,585,1,1,3798,8757,-1.65841,-0.0928953,3级越限
,0,378,379,1,1,3798,3904,-0.207278,-0.116457,3级越限
,0,378,606,1,1,3798,9899,-0.0449576,0.00720971,3级越限
,0,640,337,1,1,10949,2766,0.00234008,0.0274494,3级越限
,0,611,69,1,1,10030,1204,2.74074,-0.050093,3级越限
,0,611,610,1,1,10030,2309,-1.90918,0.0166762,3级越限
,0,481,593,1,1,6131,8925,-0.549063,0.0269022,3级越限
,0,481,378,1,1,6131,3798,3.49047,0.0603965,3级越限
,0,481,613,1,1,6131,10034,0.0022395,-0.138264,3级越限
,0,481,496,1,1,6131,6614,-0.598464,0.0328691,3级越限
,0,481,589,1,1,6131,8808,-0.349652,-0.22369,3级越限
,0,481,545,1,1,6131,7321,-1.27815,0.192609,3级越限
,0,481,503,1,1,6131,6695,-0.639059,-0.0957259,3级越限
,0,474,316,1,1,10930,2940,-0.812917,-0.0761368,3级越限
,0,548,94,1,1,7610,607,0.915102,-0.320278,3级越限
,0,548,94,1,1,7610,607,0.915102,-0.320278,3级越限
,0,548,74,1,1,7610,1189,-1.8248,0.331168,3级越限
,0,548,74,1,1,7610,1189,-1.8248,0.331168,3级越限
,0,641,543,1,1,10698,7304,0.00157046,-0.0778551,3级越限
,0,447,280,1,1,5133,2508,2.10717,-0.414397,3级越限
,0,447,532,1,1,5133,6881,-0.716393,0.197442,3级越限
,0,447,450,1,1,5133,4531,-0.793951,0.0754124,3级越限
,0,438,275,1,1,5002,2721,-1.10997,0.125061,3级越限
,0,438,275,1,1,5002,2721,-1.10997,0.125061,3级越限
,0,151,152,1,1,2223,775,-0.177249,-0.171499,3级越限
,0,151,394,1,1,2223,3556,0.947888,0.389156,3级越限
,0,72,287,1,1,1264,3202,0.388796,0.0097997,3级越限
,0,72,286,1,1,1264,3089,0.34381,-0.0235924,3级越限
,0,72,80,1,1,1264,1403,0.266028,-0.00583634,3级越限
,0,72,80,1,1,1264,1403,0.266028,-0.00583634,3级越限
,0,72,73,1,1,1264,1173,-0.969582,0.0851785,3级越限
,0,114,111,1,1,791,1843,-0.629842,-0.0919984,3级越限
,0,45,46,1,1,857,623,-0.741366,-0.064428,3级越限
,0,45,46,1,1,857,623,-0.741366,-0.064428,3级越限
,0,45,209,1,1,857,2542,0.618378,0.0113054,3级越限
,0,45,209,1,1,857,2542,0.618378,0.0113054,3级越限
,0,613,481,1,1,10034,6131,-0.00219578,0.0884511,3级越限
,0,34,30,1,1,10910,687,-2.5251,-0.640025,3级越限
,0,34,30,1,1,10910,687,-2.5251,-0.640025,3级越限
,0,298,297,1,1,2348,3255,-0.119641,-0.0179775,3级越限
,0,518,517,1,1,3239,6818,-0.045179,0.00319671,3级越限
,0,312,313,1,1,3339,1885,-0.151197,-0.147384,3级越限
,0,312,259,1,1,3339,2683,0.45791,0.251297,3级越限
,0,602,534,1,1,9904,6899,0.188727,-0.144355,3级越限
,0,236,571,1,1,2201,8470,0.638852,-0.0743527,3级越限
,0,236,347,1,1,2201,3648,-1.33993,-0.548056,3级越限
,0,236,347,1,1,2201,3648,-1.33993,-0.548056,3级越限
,0,236,521,1,1,2201,6842,2.4053e-05,-0.0372833,3级越限
,0,236,131,1,1,2201,467,0.227881,0.710763,3级越限
,0,236,131,1,1,2201,467,0.227881,0.710763,3级越限
,0,264,252,1,1,2735,2489,-0.478505,-0.199985,3级越限
,0,264,98,1,1,2735,1520,-0.607372,-0.243269,3级越限
,0,271,253,1,1,2764,2422,-0.435925,-0.132405,3级越限
,0,271,385,1,1,2764,3930,-1.2203,-0.00603821,3级越限
,0,291,308,1,1,3262,2225,0.272698,0.162212,3级越限
,0,291,292,1,1,3262,3258,-0.145692,-0.107112,3级越限
,0,215,120,1,1,2066,531,-0.215368,-0.111318,3级越限
,0,215,478,1,1,2066,6153,-1.14609,-0.0205991,3级越限
,0,332,331,1,1,3578,3537,1.77769,0.922854,3级越限
,0,344,347,1,1,3680,3648,-0.695839,-0.373116,3级越限
,0,344,347,1,1,3680,3648,-0.695839,-0.373116,3级越限
,0,344,29,1,1,3680,1374,-0.466073,0.405767,3级越限
,0,344,29,1,1,3680,1374,-0.466073,0.405767,3级越限
,0,344,345,1,1,3680,2183,0.28707,-0.0680968,3级越限
,0,290,289,1,1,2896,891,-1.79646,-0.220684,3级越限
,0,290,289,1,1,2896,891,-1.79646,-0.220684,3级越限
,0,594,593,1,1,9168,8925,0.256765,0.00795293,3级越限
,0,471,30,1,1,5758,687,-0.561507,0.100636,3级越限
,0,471,345,1,1,5758,2183,-0.626342,-0.136969,3级越限
,0,434,600,1,1,10928,3073,-0.73139,-0.133048,3级越限
,0,434,394,1,1,10928,3556,0.919629,0.217349,3级越限
,0,338,21,1,1,3595,1921,-0.370613,-0.339369,3级越限
,0,338,339,1,1,3595,10912,-0.492421,-0.0208984,3级越限
,0,161,60,1,1,1827,1028,0.0982241,0.0442892,3级越限
,0,257,258,1,1,10909,10914,-0.479574,0.0624782,3级越限
,0,120,215,1,1,531,2066,0.215576,0.0798126,3级越限
,0,120,121,1,1,531,1069,-0.924396,-0.164613,3级越限
,0,120,355,1,1,531,3725,-0.316856,-0.124713,3级越限
,0,120,619,1,1,531,10188,-0.473517,0.0963109,3级越限
,0,120,619,1,1,531,10188,-0.473517,0.0963109,3级越限
,0,184,144,1,1,2535,1786,0.502333,0.247447,3级越限
,0,184,144,1,1,2535,1786,0.502333,0.247447,3级越限
,0,184,186,1,1,2535,718,-2.05513,-0.400486,3级越限
,0,184,186,1,1,2535,718,-2.05513,-0.400486,3级越限
,0,184,175,1,1,2535,436,0.55167,-0.0871683,3级越限
,0,184,175,1,1,2535,436,0.55167,-0.0871683,3级越限
,0,313,312,1,1,1885,3339,0.151297,0.134569,3级越限
,0,178,100,1,1,2330,1551,3.5733,0.823338,3级越限
,0,211,160,1,1,2372,1778,1.1058,0.19501,3级越限
,0,211,183,1,1,2372,2344,0.125194,0.138039,3级越限
,0,241,630,1,1,3003,420,10.8402,-1.38093,3级越限
,0,241,630,1,1,3003,420,10.8402,-1.38093,3级越限
,0,241,423,1,1,3003,4916,-0.332368,-0.859857,3级越限
,0,241,423,1,1,3003,4916,-0.332368,-0.859857,3级越限
,0,241,224,1,1,3003,685,-15.9356,2.71913,3级越限
,0,241,224,1,1,3003,685,-15.9356,2.71913,3级越限
,0,242,88,1,1,1494,777,-3.67403,-1.68158,3级越限
,0,384,195,1,1,3926,2903,-0.0567202,-0.110964,3级越限
,0,384,174,1,1,3926,445,-2.3402,-0.923364,3级越限
,0,201,202,1,1,2366,2347,-0.690152,-0.495641,3级越限
,0,201,394,1,1,2366,3556,1.29619,0.849647,3级越限
,0,400,53,1,1,4094,570,-0.288405,0.400466,3级越限
,0,400,53,1,1,4094,570,-0.288405,0.400466,3级越限
,0,400,351,1,1,4094,3705,-1.89749,-0.0885373,3级越限
,0,400,351,1,1,4094,3705,-1.89749,-0.0885373,3级越限
,0,352,353,1,1,3712,1817,-0.374104,-0.136809,3级越限
,0,352,217,1,1,3712,1297,0.5692,0.212396,3级越限
,0,377,378,1,1,3902,3798,0.23022,0.00510674,3级越限
,0,377,381,1,1,3902,3912,-0.174931,0.00792557,3级越限
,0,212,391,1,1,2375,3931,1.18899,0.119757,3级越限
,0,621,260,1,1,10235,1854,0.0343663,-0.340068,3级越限
,0,621,260,1,1,10235,1854,0.0343663,-0.340068,3级越限
,0,621,402,1,1,10235,1278,0.140921,0.439771,3级越限
,0,621,402,1,1,10235,1278,0.140921,0.439771,3级越限
,0,89,8,1,1,1390,2496,1.11703,-4.2707,3级越限
,0,89,8,1,1,1390,2496,1.11703,-4.2707,3级越限
,0,89,15,1,1,1390,886,14.3164,-0.539494,3级越限
,0,89,15,1,1,1390,886,14.3164,-0.539494,3级越限
,0,89,387,1,1,1390,10907,-6.23947,0.853867,3级越限
,0,89,35,1,1,1390,10905,-7.00155,1.03703,3级越限
,0,89,150,1,1,1390,1328,5.35986,-0.467513,3级越限
,0,89,431,1,1,1390,10906,-5.77544,0.693566,3级越限
,0,570,476,1,1,8456,6144,0.308555,0.000816659,3级越限
,0,487,232,1,1,6231,972,0.047292,0.00913143,3级越限
,0,638,637,1,1,10667,10669,-0.00242399,-0.0490269,3级越限
,0,464,378,1,1,5317,3798,0.526994,0.15377,3级越限
,0,459,462,1,1,5211,5249,-2.70535,-0.0158371,3级越限
,0,459,462,1,1,5211,5249,-2.70535,-0.0158371,3级越限
,0,459,364,1,1,5211,3793,3.38504,-0.928917,3级越限
,0,459,364,1,1,5211,3793,3.38504,-0.928917,3级越限
,0,452,604,1,1,5178,9627,-0.12123,-0.0480303,3级越限
,0,452,468,1,1,5178,5747,-0.119972,-0.085573,3级越限
,0,452,451,1,1,5178,5151,1.23431,0.187764,3级越限
,0,452,451,1,1,5178,5151,1.23431,0.187764,3级越限
,0,430,429,1,1,4113,4960,-0.112326,-0.00118469,3级越限
,0,195,480,1,1,2903,6224,-0.50916,-0.150695,3级越限
,0,195,480,1,1,2903,6224,-0.50916,-0.150695,3级越限
,0,195,384,1,1,2903,3926,0.0567407,0.0227956,3级越限
,0,195,170,1,1,2903,636,-0.953798,-0.264725,3级越限
,0,195,170,1,1,2903,636,-0.953798,-0.264725,3级越限
,0,429,430,1,1,4960,4113,0.112327,0.0109808,3级越限
,0,79,581,1,1,2190,8551,1.35893,-0.757643,3级越限
,0,79,581,1,1,2190,8551,1.35893,-0.757643,3级越限
,0,79,74,1,1,2190,1189,-4.71634,1.24093,3级越限
,0,79,74,1,1,2190,1189,-4.71634,1.24093,3级越限
,0,79,276,1,1,2190,2659,2.12332,-0.566618,3级越限
,0,382,383,1,1,3920,3067,0.129782,0.0161533,3级越限
,0,90,21,1,1,616,1921,0.276842,0.0508209,3级越限
,0,383,382,1,1,3067,3920,-0.129717,-0.0171293,3级越限
,0,360,359,1,1,3413,3760,2.63208,-0.24574,3级越限
,0,142,164,1,1,10904,2063,-1.20412,-0.0527835,3级越限
,0,142,31,1,1,10904,1559,1.97163,0.0512536,3级越限
,0,252,264,1,1,2489,2735,0.478638,0.192325,3级越限
,0,252,98,1,1,2489,1520,-1.60618,-0.45843,3级越限
,0,252,98,1,1,2489,1520,-1.60618,-0.45843,3级越限
,0,260,261,1,1,1854,2750,-0.0104633,-0.091476,3级越限
,0,260,621,1,1,1854,10235,-0.0339797,0.211211,3级越限
,0,260,621,1,1,1854,10235,-0.0339797,0.211211,3级越限
,0,260,280,1,1,1854,2508,-0.183077,0.0196329,3级越限
,0,368,41,1,1,3875,1456,-0.0765169,-0.117668,3级越限
,0,368,41,1,1,3875,1456,-0.0765169,-0.117668,3级越限
,0,368,166,1,1,3875,1083,-1.11066,-0.200971,3级越限
,0,368,166,1,1,3875,1083,-1.11066,-0.200971,3级越限
,0,272,149,1,1,2644,1221,-0.0985988,0.553642,3级越限
,0,272,149,1,1,2644,1221,-0.0985988,0.553642,3级越限
,0,293,294,1,1,2133,3281,-0.365902,-0.0952496,3级越限
,0,146,147,1,1,1814,937,-0.354874,-0.0677723,3级越限
,0,146,30,1,1,1814,687,0.73618,0.230899,3级越限
,0,551,451,1,1,7641,5151,0.266847,0.128679,3级越限
,0,489,17,1,1,6594,488,0.143287,-0.354969,3级越限
,0,489,17,1,1,6594,488,0.143287,-0.354969,3级越限
,0,489,115,1,1,6594,3378,-1.03763,0.263571,3级越限
,0,489,115,1,1,6594,3378,-1.03763,0.263571,3级越限
,0,475,107,1,1,6138,1645,-0.29331,0.576088,3级越限
,0,475,107,1,1,6138,1645,-0.29331,0.576088,3级越限
,0,475,265,1,1,6138,588,-0.314309,-0.623994,3级越限
,0,475,265,1,1,6138,588,-0.314309,-0.623994,3级越限
,0,456,370,1,1,5288,3392,-2.44811,0.0125058,3级越限
,0,456,370,1,1,5288,3392,-2.44811,0.0125058,3级越限
,0,456,111,1,1,5288,1843,0.732798,0.00538066,3级越限
,0,456,111,1,1,5288,1843,0.732798,0.00538066,3级越限
,0,456,502,1,1,5288,6844,0.000791983,-0.00227757,3级越限
,0,456,318,1,1,5288,849,-0.125236,-0.174139,3级越限
,0,456,318,1,1,5288,849,-0.125236,-0.174139,3级越限
,0,536,535,1,1,6736,6912,0.15513,0.0483158,3级越限
,0,411,410,1,1,367,36,-0.900038,-3.91619,3级越限
,0,615,614,1,1,10133,5146,-4.05845,1.49693,3级越限
,0,615,614,1,1,10133,5146,-4.05845,1.49693,3级越限
,0,615,358,1,1,10133,2588,10.0654,0.379987,3级越限
,0,615,358,1,1,10133,2588,10.0654,0.379987,3级越限
,0,88,242,1,1,777,1494,3.68581,1.76453,3级越限
,0,88,220,1,1,777,825,-1.44427,-0.795612,3级越限
,0,88,87,1,1,777,1711,-2.05148,-0.772547,3级越限
,0,88,200,1,1,777,2080,-0.338667,-0.383233,3级越限
,0,88,283,1,1,777,837,-0.852681,-0.597445,3级越限
,0,88,126,1,1,777,1124,-0.0964255,0.160599,3级越限
,0,88,126,1,1,777,1124,-0.0964255,0.160599,3级越限
,0,88,341,1,1,777,3623,1.13014,0.443814,3级越限
,0,88,170,1,1,777,636,-0.474132,-0.0361782,3级越限
,0,370,456,1,1,3392,5288,2.45117,-0.0170618,3级越限
,0,370,456,1,1,3392,5288,2.45117,-0.0170618,3级越限
,0,370,369,1,1,3392,3841,-4.40943,-0.163132,3级越限
,0,370,369,1,1,3392,3841,-4.40943,-0.163132,3级越限
,0,614,615,1,1,5146,10133,4.06173,-2.02602,3级越限
,0,614,615,1,1,5146,10133,4.06173,-2.02602,3级越限
,0,134,154,1,1,1491,1102,1.21101,0.073494,3级越限
,0,134,133,1,1,1491,1781,-0.182025,-0.119848,3级越限
,0,17,18,1,1,488,1588,0.774432,-0.0586828,3级越限
,0,17,424,1,1,488,4921,-0.6546,-0.219805,3级越限
,0,17,424,1,1,488,4921,-0.6546,-0.219805,3级越限
,0,17,489,1,1,488,6594,-0.143179,0.33784,3级越限
,0,17,489,1,1,488,6594,-0.143179,0.33784,3级越限
,0,129,118,1,1,2168,459,0.562425,0.00442719,3级越限
,0,129,118,1,1,2168,459,0.562425,0.00442719,3级越限
,0,129,369,1,1,2168,3841,-2.48722,-0.524667,3级越限
,0,129,369,1,1,2168,3841,-2.48722,-0.524667,3级越限
,0,6,2,1,1,365,4159,17.5095,-8.34966,3级越限
,0,165,143,1,1,2062,1135,0.250814,0.188054,3级越限
,0,207,208,1,1,2230,2925,-1.90335,-0.325369,3级越限
,0,207,208,1,1,2230,2925,-1.90335,-0.325369,3级越限
,0,207,95,1,1,2230,427,0.835492,0.183821,3级越限
,0,207,95,1,1,2230,427,0.835492,0.183821,3级越限
,0,1,2,1,1,1725,4159,-34.584,5.70594,3级越限
,0,1,2,1,1,1725,4159,-34.584,5.70594,3级越限
,0,1,148,1,1,1725,1230,-3.72682,-0.3083,3级越限
,0,1,148,1,1,1725,1230,-3.72682,-0.3083,3级越限
,0,1,366,1,1,1725,3840,8.63412,-2.26783,3级越限
,0,1,366,1,1,1725,3840,8.63412,-2.26783,3级越限
,0,1,253,1,1,1725,2422,5.73955,-1.18807,3级越限
,0,1,253,1,1,1725,2422,5.73955,-1.18807,3级越限
,0,1,108,1,1,1725,1184,9.23184,-1.85915,3级越限
,0,1,108,1,1,1725,1184,9.23184,-1.85915,3级越限
,0,1,24,1,1,1725,1296,5.65038,-1.36968,3级越限
,0,1,24,1,1,1725,1296,5.65038,-1.36968,3级越限
,0,99,222,1,1,1214,2574,-1.66636,-0.612709,3级越限
,0,99,98,1,1,1214,1520,-0.157337,0.0406086,3级越限
,0,99,98,1,1,1214,1520,-0.157337,0.0406086,3级越限
,0,389,393,1,1,4040,3437,1.19286,-0.576977,3级越限
,0,389,393,1,1,4040,3437,1.19286,-0.576977,3级越限
,0,389,104,1,1,4040,804,-3.29198,0.568433,3级越限
,0,389,104,1,1,4040,804,-3.29198,0.568433,3级越限
,0,297,298,1,1,3255,2348,0.120009,0.0198768,3级越限
,0,401,80,1,1,2153,1403,0.0116456,0.101306,3级越限
,0,401,404,1,1,2153,10923,-0.230777,-0.0102073,3级越限
,0,401,402,1,1,2153,1278,-0.120734,-0.298511,3级越限
,0,401,402,1,1,2153,1278,-0.120734,-0.298511,3级越限
,0,333,334,1,1,3584,938,0.336612,0.100945,3级越限
,0,354,149,1,1,3715,1221,2.51413,0.0103854,3级越限
,0,354,149,1,1,3715,1221,2.51413,0.0103854,3级越限
,0,354,74,1,1,3715,1189,-4.36146,-0.367253,3级越限
,0,354,74,1,1,3715,1189,-4.36146,-0.367253,3级越限
,0,216,31,1,1,3220,1559,-0.915556,-0.371101,3级越限
,0,216,31,1,1,3220,1559,-0.915556,-0.371101,3级越限
,0,392,569,1,1,4004,8318,-0.109464,-0.293132,3级越限
,0,392,222,1,1,4004,2574,1.12776,0.340295,3级越限
,0,392,222,1,1,4004,2574,1.12776,0.340295,3级越限
,0,392,463,1,1,4004,5314,0.652545,0.131087,3级越限
,0,392,463,1,1,4004,5314,0.652545,0.131087,3级越限
,0,629,52,1,1,10367,1000,-0.0267219,0.315916,3级越限
,0,629,52,1,1,10367,1000,-0.0267219,0.315916,3级越限
,0,571,236,1,1,8470,2201,-0.638186,0.0451478,3级越限
,0,571,348,1,1,8470,1875,0.0852555,-0.150786,3级越限
,0,522,393,1,1,6846,3437,-0.00158382,0.0252637,3级越限
,0,476,570,1,1,6144,8456,-0.308405,-0.0199292,3级越限
,0,476,477,1,1,6144,5253,0.396016,0.212345,3级越限
,0,476,477,1,1,6144,5253,0.396016,0.212345,3级越限
,0,470,256,1,1,5752,2690,0.548191,-0.0139922,3级越限
,0,470,576,1,1,5752,6859,-0.313728,-0.0770583,3级越限
,0,470,247,1,1,5752,2452,-0.952876,0.294521,3级越限
,0,470,255,1,1,5752,481,0.841276,-0.057303,3级越限
,0,198,139,1,1,988,818,-0.889749,0.0942301,3级越限
,0,198,139,1,1,988,818,-0.889749,0.0942301,3级越限
,0,107,475,1,1,1645,6138,0.294241,-0.613571,3级越限
,0,107,475,1,1,1645,6138,0.294241,-0.613571,3级越限
,0,107,106,1,1,1645,1820,0.298376,0.035876,3级越限
,0,107,277,1,1,1645,2699,-2.07987,0.495884,3级越限
,0,107,277,1,1,1645,2699,-2.07987,0.495884,3级越限
,0,107,277,1,1,1645,2699,-2.07987,0.495884,3级越限
,0,381,377,1,1,3912,3902,0.174971,-0.0215098,3级越限
,0,381,380,1,1,3912,3918,-0.0367076,0.0353895,3级越限
,0,115,489,1,1,3378,6594,1.04017,-0.29606,3级越限
,0,115,489,1,1,3378,6594,1.04017,-0.29606,3级越限
,0,115,124,1,1,3378,3184,0.0674927,-0.751491,3级越限
,0,115,124,1,1,3378,3184,0.0674927,-0.751491,3级越限
,0,115,365,1,1,3378,3827,-1.25258,0.466254,3级越限
,0,115,365,1,1,3378,3827,-1.25258,0.466254,3级越限
,0,115,112,1,1,3378,1596,-2.45005,0.605359,3级越限
,0,115,112,1,1,3378,1596,-2.45005,0.605359,3级越限
,0,115,181,1,1,3378,722,1.34987,-0.158094,3级越限
,0,25,20,1,1,543,499,1.72909,0.117609,3级越限
,0,25,350,1,1,543,3698,0.876276,-0.0795632,3级越限
,0,25,26,1,1,543,2146,2.66131,0.16689,3级越限
,0,25,26,1,1,543,2146,2.66131,0.16689,3级越限
,0,111,114,1,1,1843,791,0.630234,0.0899456,3级越限
,0,111,456,1,1,1843,5288,-0.73227,-0.0347085,3级越限
,0,111,456,1,1,1843,5288,-0.73227,-0.0347085,3级越限
,0,111,479,1,1,1843,6166,1.06539,-0.409628,3级越限
,0,111,479,1,1,1843,6166,1.06539,-0.409628,3级越限
,0,111,109,1,1,1843,1730,-1.97819,0.451351,3级越限
,0,154,134,1,1,1102,1491,-1.21073,-0.0726601,3级越限
,0,154,550,1,1,1102,7633,-0.729926,0.161068,3级越限
,0,154,172,1,1,1102,2318,-1.32171,0.0625129,3级越限
,0,154,288,1,1,1102,3078,-0.285443,-0.0213996,3级越限
,0,154,179,1,1,1102,2334,-0.345353,-0.16756,3级越限
,0,154,284,1,1,1102,3066,-1.82098,-0.0719973,3级越限
,0,167,166,1,1,2210,1083,0.599605,0.0755088,3级越限
,0,278,279,1,1,1946,2655,0.677525,-0.0532679,3级越限
,0,278,279,1,1,1946,2655,0.677525,-0.0532679,3级越限
,0,278,485,1,1,1946,6563,-2.00865,0.0334539,3级越限
,0,278,485,1,1,1946,6563,-2.00865,0.0334539,3级越限
,0,280,261,1,1,2508,2750,0.25919,-0.204823,3级越限
,0,280,261,1,1,2508,2750,0.25919,-0.204823,3级越限
,0,280,447,1,1,2508,5133,-2.09691,0.453883,3级越限
,0,280,260,1,1,2508,1854,0.183116,-0.0438092,3级越限
,0,280,340,1,1,2508,3610,0.728774,0.103893,3级越限
,0,280,340,1,1,2508,3610,0.728774,0.103893,3级越限
,0,280,233,1,1,2508,2087,-1.32191,0.261701,3级越限
,0,280,233,1,1,2508,2087,-1.32191,0.261701,3级越限
,0,280,233,1,1,2508,2087,-1.32191,0.261701,3级越限
,0,280,582,1,1,2508,8558,-0.219184,0.757322,3级越限
,0,280,599,1,1,2508,9536,-0.0392082,-0.0083821,3级越限
,0,286,287,1,1,3089,3202,0.419871,0.0261986,3级越限
,0,286,72,1,1,3089,1264,-0.343405,-0.00216838,3级越限
,0,308,291,1,1,2225,3262,-0.272555,-0.161962,3级越限
,0,530,517,1,1,6874,6818,0.201286,0.126611,3级越限
,0,514,359,1,1,6789,3760,0.13212,-1.11021,3级越限
,0,514,359,1,1,6789,3760,0.13212,-1.11021,3级越限
,0,586,343,1,1,8764,3672,2.83702,0.622354,3级越限
,0,486,485,1,1,5115,6563,-1.76916,0.0338801,3级越限
,0,486,485,1,1,5115,6563,-1.76916,0.0338801,3级越限
,0,576,470,1,1,6859,5752,0.314449,0.0500204,3级越限
,0,454,174,1,1,5189,445,-0.478287,-0.103473,3级越限
,0,454,126,1,1,5189,1124,-0.0340923,-0.071315,3级越限
,0,421,267,1,1,4899,2743,0.180865,0.0237603,3级越限
,0,529,28,1,1,6828,1767,-0.000815075,0.0446402,3级越限
,0,53,400,1,1,570,4094,0.288467,-0.528374,3级越限
,0,53,400,1,1,570,4094,0.288467,-0.528374,3级越限
,0,53,52,1,1,570,1000,-3.97901,0.0304215,3级越限
,0,53,52,1,1,570,1000,-3.97901,0.0304215,3级越限
,0,152,151,1,1,775,2223,0.177558,0.152127,3级越限
,0,101,100,1,1,2020,1551,-16.5407,-0.243108,3级越限
,0,101,100,1,1,2020,1551,-16.5407,-0.243108,3级越限
,0,101,100,1,1,2020,1551,-16.5407,-0.243108,3级越限
,0,101,100,1,1,2020,1551,-16.5407,-0.243108,3级越限
,0,101,556,1,1,2020,7916,-18.9395,-0.364775,3级越限
,0,101,556,1,1,2020,7916,-18.9395,-0.364775,3级越限
,0,101,185,1,1,2020,995,17.799,0.966509,3级越限
,0,101,185,1,1,2020,995,17.799,0.966509,3级越限
,0,101,119,1,1,2020,1603,16.2884,0.213629,3级越限
,0,101,119,1,1,2020,1603,16.2884,0.213629,3级越限
,0,116,68,1,1,10908,1131,2.09555e-09,-1.34586e-07,3级越限
,0,191,633,1,1,2800,10418,0.000391924,0.0317774,3级越限
,0,191,633,1,1,2800,10418,0.000391924,0.0317774,3级越限
,0,191,483,1,1,2800,6562,-1.35976,-2.22121,3级越限
,0,191,483,1,1,2800,6562,-1.35976,-2.22121,3级越限
,0,191,23,1,1,2800,1154,0.5491,0.293784,3级越限
,0,191,13,1,1,2800,943,-0.39981,-0.449497,3级越限
,0,191,13,1,1,2800,943,-0.39981,-0.449497,3级越限
,0,168,155,1,1,2238,630,3.01365,0.742255,3级越限
,0,188,189,1,1,2024,2793,0.668682,-0.101034,3级越限
,0,188,248,1,1,2024,2479,1.28333,-0.185893,3级越限
,0,188,248,1,1,2024,2479,1.28333,-0.185893,3级越限
,0,188,322,1,1,2024,10919,-0.498628,-0.199069,3级越限
,0,188,275,1,1,2024,2721,1.21778,-0.400417,3级越限
,0,188,275,1,1,2024,2721,1.21778,-0.400417,3级越限
,0,188,482,1,1,2024,6554,-0.305807,-0.304924,3级越限
,0,188,259,1,1,2024,2683,-0.973757,-0.405076,3级越限
,0,188,259,1,1,2024,2683,-0.973757,-0.405076,3级越限
,0,356,67,1,1,3728,1157,0.0217644,-0.0921379,3级越限
,0,356,67,1,1,3728,1157,0.0217644,-0.0921379,3级越限
,0,356,156,1,1,3728,1613,-3.06594,-0.339372,3级越限
,0,356,156,1,1,3728,1613,-3.06594,-0.339372,3级越限
,0,96,62,1,1,474,3426,-0.603881,0.0341914,3级越限
,0,605,187,1,1,9964,1991,-3.33999,-0.570616,3级越限
,0,605,187,1,1,9964,1991,-3.33999,-0.570616,3级越限
,0,605,196,1,1,9964,2912,2.63431,0.778797,3级越限
,0,605,196,1,1,9964,2912,2.63431,0.778797,3级越限
,0,605,95,1,1,9964,427,0.192411,0.0240157,3级越限
,0,605,95,1,1,9964,427,0.192411,0.0240157,3级越限
,0,416,94,1,1,10926,607,-0.057615,0.0142082,3级越限
,0,373,226,1,1,3886,2599,0.171445,-0.124518,3级越限
,0,373,226,1,1,3886,2599,0.171445,-0.124518,3级越限
,0,373,616,1,1,3886,10138,-0.608283,0.0608566,3级越限
,0,557,235,1,1,7923,2637,0.597405,0.0198465,3级越限
,0,340,280,1,1,3610,2508,-0.728548,-0.1215,3级越限
,0,340,280,1,1,3610,2508,-0.728548,-0.1215,3级越限
,0,265,262,1,1,588,2676,-1.74671,-0.392491,3级越限
,0,265,262,1,1,588,2676,-1.74671,-0.392491,3级越限
,0,265,475,1,1,588,6138,0.315753,0.573821,3级越限
,0,265,475,1,1,588,6138,0.315753,0.573821,3级越限
,0,265,572,1,1,588,8489,0.242373,-0.261877,3级越限
,0,265,572,1,1,588,8489,0.242373,-0.261877,3级越限
,0,136,135,1,1,2287,812,-3.9545,-0.658148,3级越限
,0,136,135,1,1,2287,812,-3.9545,-0.658148,3级越限
,0,136,135,1,1,2287,812,-3.9545,-0.658148,3级越限
,0,136,128,1,1,2287,2135,3.1696,-0.0548251,3级越限
,0,136,128,1,1,2287,2135,3.1696,-0.0548251,3级越限
,0,136,193,1,1,2287,2831,2.4289,-0.0708467,3级越限
,0,136,193,1,1,2287,2831,2.4289,-0.0708467,3级越限
,0,136,525,1,1,2287,6849,1.37788,0.0917961,3级越限
,0,136,525,1,1,2287,6849,1.37788,0.0917961,3级越限
,0,136,70,1,1,2287,2047,2.81327,0.081307,3级越限
,0,136,70,1,1,2287,2047,2.81327,0.081307,3级越限
,0,213,48,1,1,2369,1637,0.506687,0.106166,3级越限
,0,329,8,1,1,3488,2496,-8.25596,-0.899353,3级越限
,0,329,8,1,1,3488,2496,-8.25596,-0.899353,3级越限
,0,329,240,1,1,3488,1987,6.82135,-4.59071,3级越限
,0,329,240,1,1,3488,1987,6.82135,-4.59071,3级越限
,0,329,328,1,1,3488,3433,1.43516,3.9188,3级越限
,0,329,328,1,1,3488,3433,1.43516,3.9188,3级越限
,0,612,513,1,1,10026,6742,-0.0143521,0.0357109,3级越限
,0,562,563,1,1,6222,3921,0.017841,0.0115834,3级越限
,0,515,517,1,1,6796,6818,0.179846,-0.254523,3级越限
,0,515,517,1,1,6796,6818,0.179846,-0.254523,3级越限
,0,515,516,1,1,6796,4851,-0.31227,0.445988,3级越限
,0,515,516,1,1,6796,4851,-0.31227,0.445988,3级越限
,0,585,378,1,1,8757,3798,1.66642,0.117816,3级越限
,0,478,215,1,1,6153,2066,1.15302,0.0131196,3级越限
,0,478,217,1,1,6153,1297,-2.36558,0.0869026,3级越限
,0,478,217,1,1,6153,1297,-2.36558,0.0869026,3级越限
,0,415,413,1,1,4301,1782,0.0437691,0.00396609,3级越限
,0,339,338,1,1,10912,3595,0.494417,-0.0126751,3级越限
,0,339,80,1,1,10912,1403,0.310223,-0.0761516,3级越限
,0,339,403,1,1,10912,4101,-0.873615,-0.005716,3级越限
,0,60,161,1,1,1028,1827,-0.0982103,-0.0503224,3级越限
,0,60,59,1,1,1028,1233,0.437942,0.149108,3级越限
,0,118,129,1,1,459,2168,-0.562127,-0.0216809,3级越限
,0,118,129,1,1,459,2168,-0.562127,-0.0216809,3级越限
,0,118,465,1,1,459,5320,-0.991748,-0.385899,3级越限
,0,118,465,1,1,459,5320,-0.991748,-0.385899,3级越限
,0,118,110,1,1,459,1271,-1.6567,0.543289,3级越限
,0,118,110,1,1,459,1271,-1.6567,0.543289,3级越限
,0,118,324,1,1,459,3406,1.24928,0.00324818,3级越限
,0,118,324,1,1,459,3406,1.24928,0.00324818,3级越限
,0,189,188,1,1,2793,2024,-0.667591,0.0788249,3级越限
,0,189,248,1,1,2793,2479,-0.208152,0.066091,3级越限
,0,189,248,1,1,2793,2479,-0.208152,0.066091,3级越限
,0,187,77,1,1,1991,548,-1.42388,0.548877,3级越限
,0,187,605,1,1,1991,9964,3.35159,0.602335,3级越限
,0,187,605,1,1,1991,9964,3.35159,0.602335,3级越限
,0,187,208,1,1,1991,2925,2.44568,0.0694787,3级越限
,0,187,208,1,1,1991,2925,2.44568,0.0694787,3级越限
,0,187,418,1,1,1991,4882,-0.602914,0.796688,3级越限
,0,187,418,1,1,1991,4882,-0.602914,0.796688,3级越限
,0,125,124,1,1,1051,3184,-0.95685,-0.173135,3级越限
,0,125,124,1,1,1051,3184,-0.95685,-0.173135,3级越限
,0,124,115,1,1,3184,3378,-0.0667937,0.729184,3级越限
,0,124,115,1,1,3184,3378,-0.0667937,0.729184,3级越限
,0,124,125,1,1,3184,1051,0.960415,0.114613,3级越限
,0,124,125,1,1,3184,1051,0.960415,0.114613,3级越限
,0,124,103,1,1,3184,1655,0.834663,-0.0239592,3级越限
,0,124,590,1,1,3184,8801,-1.30429,-0.579445,3级越限
,0,124,590,1,1,3184,8801,-1.30429,-0.579445,3级越限
,0,124,289,1,1,3184,891,-1.06968,-0.365331,3级越限
,0,361,275,1,1,3787,2721,0.206643,0.0650553,3级越限
,0,68,116,1,1,1131,10908,5.4906e-08,-0.0129486,3级越限
,0,68,67,1,1,1131,1157,1.0319,-0.115447,3级越限
,0,351,400,1,1,3705,4094,1.89961,-0.0381171,3级越限
,0,351,400,1,1,3705,4094,1.89961,-0.0381171,3级越限
,0,351,52,1,1,3705,1000,-3.33962,0.30544,3级越限
,0,351,52,1,1,3705,1000,-3.33962,0.30544,3级越限
,0,351,645,1,1,3705,10741,0.162943,-0.0279704,3级越限
,0,240,4,1,1,1987,2286,4.829,1.30196,3级越限
,0,240,329,1,1,1987,3488,-6.80653,3.79679,3级越限
,0,240,329,1,1,1987,3488,-6.80653,3.79679,3级越限
,0,240,310,1,1,1987,3341,-4.04723,2.41022,3级越限
,0,240,310,1,1,1987,3341,-4.04723,2.41022,3级越限
,0,240,11,1,1,1987,6186,2.25335,-8.06168,3级越限
,0,240,11,1,1,1987,6186,2.25335,-8.06168,3级越限
,0,268,350,1,1,2426,3698,3.04462,-0.069895,3级越限
,0,268,350,1,1,2426,3698,3.04462,-0.069895,3级越限
,0,268,132,1,1,2426,520,2.71031,-0.0532455,3级越限
,0,268,132,1,1,2426,520,2.71031,-0.0532455,3级越限
,0,268,247,1,1,2426,2452,0.691679,-0.0262152,3级越限
,0,268,247,1,1,2426,2452,0.691679,-0.0262152,3级越限
,0,268,448,1,1,2426,5128,0.0461121,0.0172827,3级越限
,0,268,55,1,1,2426,1039,-0.42615,0.0396312,3级越限
,0,268,28,1,1,2426,1767,-0.773545,0.211732,3级越限
,0,379,378,1,1,3904,3798,0.207401,0.0901133,3级越限
,0,128,136,1,1,2135,2287,-3.16692,0.0623967,3级越限
,0,128,136,1,1,2135,2287,-3.16692,0.0623967,3级越限
,0,128,196,1,1,2135,2912,-0.0580935,-0.322606,3级越限
,0,128,196,1,1,2135,2912,-0.0580935,-0.322606,3级越限
,0,128,71,1,1,2135,1147,1.75592,0.149836,3级越限
,0,128,71,1,1,2135,1147,1.75592,0.149836,3级越限
,0,325,250,1,1,10917,2469,-1.18684,-0.110644,3级越限
,0,148,1,1,1,1230,1725,3.73324,-0.963588,3级越限
,0,148,1,1,1,1230,1725,3.73324,-0.963588,3级越限
,0,148,441,1,1,1230,5034,1.77414,0.336108,3级越限
,0,148,441,1,1,1230,5034,1.77414,0.336108,3级越限
,0,148,331,1,1,1230,3537,-5.05393,0.316235,3级越限
,0,148,331,1,1,1230,3537,-5.05393,0.316235,3级越限
,0,547,546,1,1,7502,7499,-0.219815,-0.063444,3级越限
,0,547,494,1,1,7502,6617,0.632134,0.0922237,3级越限
,0,601,52,1,1,9610,1000,-2.19207,-0.100232,3级越限
,0,601,52,1,1,9610,1000,-2.19207,-0.100232,3级越限
,0,502,456,1,1,6844,5288,-0.000791983,-0.00268493,3级越限
,0,584,485,1,1,8748,6563,-0.886959,-0.403121,3级越限
,0,584,485,1,1,8748,6563,-0.886959,-0.403121,3级越限
,0,584,175,1,1,8748,436,0.00741442,0.525393,3级越限
,0,493,137,1,1,6611,981,0.200577,0.140076,3级越限
,0,572,265,1,1,8489,588,-0.242135,0.225976,3级越限
,0,572,265,1,1,8489,588,-0.242135,0.225976,3级越限
,0,572,575,1,1,8489,1072,2.05998,-0.00138392,3级越限
,0,572,575,1,1,8489,1072,2.05998,-0.00138392,3级越限
,0,572,619,1,1,8489,10188,1.53578,-0.122429,3级越限
,0,572,619,1,1,8489,10188,1.53578,-0.122429,3级越限
,0,572,217,1,1,8489,1297,-3.35361,-0.101932,3级越限
,0,572,217,1,1,8489,1297,-3.35361,-0.101932,3级越限
,0,572,217,1,1,8489,1297,-3.35361,-0.101932,3级越限
,0,573,358,1,1,8478,2588,2.67448,-0.0678773,3级越限
,0,556,101,1,1,7916,2020,19.0492,1.20944,3级越限
,0,556,101,1,1,7916,2020,19.0492,1.20944,3级越限
,0,642,335,1,1,10697,3588,0.0207469,0.00226437,3级越限
,0,443,321,1,1,5037,3360,-1.78804,0.116169,3级越限
,0,443,321,1,1,5037,3360,-1.78804,0.116169,3级越限
,0,443,445,1,1,5037,3385,1.42565,0.339929,3级越限
,0,443,445,1,1,5037,3385,1.42565,0.339929,3级越限
,0,443,444,1,1,5037,2462,2.13586,0.62061,3级越限
,0,443,444,1,1,5037,2462,2.13586,0.62061,3级越限
,0,511,603,1,1,6713,9903,-0.479467,-0.15906,3级越限
,0,511,512,1,1,6713,6734,-0.049652,-0.076856,3级越限
,0,511,513,1,1,6713,6742,0.406633,-0.588894,3级越限
,0,511,513,1,1,6713,6742,0.406633,-0.588894,3级越限
,0,501,91,1,1,6688,1793,0.40038,0.387687,3级越限
,0,501,432,1,1,6688,3958,-0.188914,-0.063199,3级越限
,0,501,432,1,1,6688,3958,-0.188914,-0.063199,3级越限
,0,501,574,1,1,6688,7723,-0.178945,-0.330614,3级越限
,0,106,107,1,1,1820,1645,-0.297869,-0.0576612,3级越限
,0,106,214,1,1,1820,2567,-0.376518,0.0193886,3级越限
,0,106,214,1,1,1820,2567,-0.376518,0.0193886,3级越限
,0,227,349,1,1,2378,3694,-0.414506,-0.063801,3级越限
,0,227,226,1,1,2378,2599,0.960822,0.206296,3级越限
,0,205,204,1,1,2315,2363,0.629906,-0.0790724,3级越限
,0,52,629,1,1,1000,10367,0.0267474,-0.336834,3级越限
,0,52,629,1,1,1000,10367,0.0267474,-0.336834,3级越限
,0,52,53,1,1,1000,570,3.98645,0.00643971,3级越限
,0,52,53,1,1,1000,570,3.98645,0.00643971,3级越限
,0,52,351,1,1,1000,3705,3.34236,-0.289361,3级越限
,0,52,351,1,1,1000,3705,3.34236,-0.289361,3级越限
,0,52,601,1,1,1000,9610,2.19611,0.0763192,3级越限
,0,52,601,1,1,1000,9610,2.19611,0.0763192,3级越限
,0,52,374,1,1,1000,3894,1.03127,0.234341,3级越限
,0,52,54,1,1,1000,1959,2.50879,0.543552,3级越限
,0,52,54,1,1,1000,1959,2.50879,0.543552,3级越限
,0,52,62,1,1,1000,3426,2.10535,-1.51795,3级越限
,0,52,62,1,1,1000,3426,2.10535,-1.51795,3级越限
,0,366,155,1,1,3840,630,-0.968473,-1.99749,3级越限
,0,366,155,1,1,3840,630,-0.968473,-1.99749,3级越限
,0,366,1,1,1,3840,1725,-8.62222,1.94334,3级越限
,0,366,1,1,1,3840,1725,-8.62222,1.94334,3级越限
,0,164,142,1,1,2063,10904,1.20601,0.0552079,3级越限
,0,162,163,1,1,2015,540,0.121382,0.10738,3级越限
,0,299,300,1,1,3288,1886,0.0202801,0.0125762,3级越限
,0,220,88,1,1,825,777,1.44959,0.81811,3级越限
,0,220,174,1,1,825,445,0.232397,0.196851,3级越限
,0,269,591,1,1,2549,8897,-2.15108,-0.887789,3级越限
,0,269,591,1,1,2549,8897,-2.15108,-0.887789,3级越限
,0,269,270,1,1,2549,795,-0.894669,0.711507,3级越限
,0,269,270,1,1,2549,795,-0.894669,0.711507,3级越限
,0,193,136,1,1,2831,2287,-2.42375,0.067649,3级越限
,0,193,136,1,1,2831,2287,-2.42375,0.067649,3级越限
,0,193,192,1,1,2831,2889,1.80062,-0.208341,3级越限
,0,193,192,1,1,2831,2889,1.80062,-0.208341,3级越限
,0,193,70,1,1,2831,2047,-0.341643,0.166719,3级越限
,0,193,70,1,1,2831,2047,-0.341643,0.166719,3级越限
,0,306,305,1,1,2358,3290,-0.0651671,-0.00828006,3级越限
,0,233,231,1,1,2087,2630,-0.225296,0.18295,3级越限
,0,233,231,1,1,2087,2630,-0.225296,0.18295,3级越限
,0,233,417,1,1,2087,4846,-0.904202,0.160076,3级越限
,0,233,280,1,1,2087,2508,1.32582,-0.459187,3级越限
,0,233,280,1,1,2087,2508,1.32582,-0.459187,3级越限
,0,233,280,1,1,2087,2508,1.32582,-0.459187,3级越限
,0,349,227,1,1,3694,2378,0.414778,0.0575909,3级越限
,0,396,82,1,1,4061,1284,-0.289702,0.109133,3级越限
,0,396,82,1,1,4061,1284,-0.289702,0.109133,3级越限
,0,598,597,1,1,933,9112,-0.0165892,-0.0576731,3级越限
,0,496,481,1,1,6614,6131,0.602158,-0.056792,3级越限
,0,550,154,1,1,7633,1102,0.731681,-0.171263,3级越限
,0,458,457,1,1,5227,5303,-0.680316,-0.0612784,3级越限
,0,458,457,1,1,5227,5303,-0.680316,-0.0612784,3级越限
,0,544,316,1,1,7311,2940,-1.96519,0.37947,3级越限
,0,544,316,1,1,7311,2940,-1.96519,0.37947,3级越限
,0,534,602,1,1,6899,9904,-0.188307,0.129683,3级越限
,0,534,533,1,1,6899,6890,0.190984,-0.124048,3级越限
,0,15,16,1,1,886,325,10.458,0.0923616,3级越限
,0,15,16,1,1,886,325,10.458,0.0923616,3级越限
,0,15,4,1,1,886,2286,-8.34682,-6.41902,3级越限
,0,15,4,1,1,886,2286,-8.34682,-6.41902,3级越限
,0,15,89,1,1,886,1390,-14.1416,0.0418628,3级越限
,0,15,89,1,1,886,1390,-14.1416,0.0418628,3级越限
,0,15,423,1,1,886,4916,1.8454,0.885277,3级越限
,0,15,423,1,1,886,4916,1.8454,0.885277,3级越限
,0,15,266,1,1,886,2698,5.72331,2.60168,3级越限
,0,622,357,1,1,10249,3751,-0.666064,-0.148074,3级越限
,0,622,357,1,1,10249,3751,-0.666064,-0.148074,3级越限
,0,32,31,1,1,555,1559,0.925726,-0.0444097,3级越限
,0,32,127,1,1,555,2142,-0.396435,-0.00662618,3级越限
,0,405,406,1,1,4117,4112,0.305095,-0.00251609,3级越限
,0,390,391,1,1,4047,3931,1.54577,0.10409,3级越限
,0,390,391,1,1,4047,3931,1.54577,0.10409,3级越限
,0,390,407,1,1,4047,4111,-0.730371,-0.153317,3级越限
,0,192,193,1,1,2889,2831,-1.78251,0.185824,3级越限
,0,192,193,1,1,2889,2831,-1.78251,0.185824,3级越限
,0,192,263,1,1,2889,2669,1.14352,-0.0440491,3级越限
,0,192,263,1,1,2889,2669,1.14352,-0.0440491,3级越限
,0,140,46,1,1,944,623,2.27682,0.282367,3级越限
,0,140,46,1,1,944,623,2.27682,0.282367,3级越限
,0,140,173,1,1,944,1802,1.59582,0.00153732,3级越限
,0,140,173,1,1,944,1802,1.59582,0.00153732,3级越限
,0,140,230,1,1,944,2581,1.63684,0.219703,3级越限
,0,140,230,1,1,944,2581,1.63684,0.219703,3级越限
,0,140,399,1,1,944,4082,0.564377,0.186449,3级越限
,0,140,399,1,1,944,4082,0.564377,0.186449,3级越限
,0,140,210,1,1,944,2558,1.47781,0.212438,3级越限
,0,140,210,1,1,944,2558,1.47781,0.212438,3级越限
,0,425,424,1,1,1138,4921,-1.38857,-0.0802721,3级越限
,0,425,424,1,1,1138,4921,-1.38857,-0.0802721,3级越限
,0,425,623,1,1,1138,10242,0.277551,0.102027,3级越限
,0,425,561,1,1,1138,8307,0.0499618,-0.118223,3级越限
,0,83,82,1,1,1662,1284,-2.30892,0.201903,3级越限
,0,83,82,1,1,1662,1284,-2.30892,0.201903,3级越限
,0,83,104,1,1,1662,804,3.43138,-0.196591,3级越限
,0,83,104,1,1,1662,804,3.43138,-0.196591,3级越限
,0,83,113,1,1,1662,1809,-2.38985,-0.0835895,3级越限
,0,83,113,1,1,1662,1809,-2.38985,-0.0835895,3级越限
,0,248,188,1,1,2479,2024,-1.28129,0.137183,3级越限
,0,248,188,1,1,2479,2024,-1.28129,0.137183,3级越限
,0,248,189,1,1,2479,2793,0.208171,-0.0859339,3级越限
,0,248,189,1,1,2479,2793,0.208171,-0.0859339,3级越限
,0,46,45,1,1,623,857,0.741497,0.0459492,3级越限
,0,46,45,1,1,623,857,0.741497,0.0459492,3级越限
,0,46,140,1,1,623,944,-2.27564,-0.282198,3级越限
,0,46,140,1,1,623,944,-2.27564,-0.282198,3级越限
,0,173,140,1,1,1802,944,-1.59357,-0.0305244,3级越限
,0,173,140,1,1,1802,944,-1.59357,-0.0305244,3级越限
,0,173,492,1,1,1802,6601,0.151811,-0.0594579,3级越限
,0,173,492,1,1,1802,6601,0.151811,-0.0594579,3级越限
,0,173,209,1,1,1802,2542,0.185221,0.0965803,3级越限
,0,173,209,1,1,1802,2542,0.185221,0.0965803,3级越限
,0,295,296,1,1,3292,556,0.0804644,0.0422979,3级越限
,0,58,57,1,1,1031,1177,-1.51074,0.470831,3级越限
,0,58,57,1,1,1031,1177,-1.51074,0.470831,3级越限
,0,58,95,1,1,1031,427,0.519859,-0.223165,3级越限
,0,58,95,1,1,1031,427,0.519859,-0.223165,3级越限
,0,27,644,1,1,580,10700,-0.00170387,-0.0150653,3级越限
,0,27,337,1,1,580,2766,0.698129,0.090279,3级越限
,0,27,337,1,1,580,2766,0.698129,0.090279,3级越限
,0,27,20,1,1,580,499,-0.185455,0.03757,3级越限
,0,27,350,1,1,580,3698,0.817966,-0.0743051,3级越限
,0,27,639,1,1,580,10668,-0.00184311,-0.060451,3级越限
,0,27,48,1,1,580,1637,-2.01176,-0.0110911,3级越限
,0,27,48,1,1,580,1637,-2.01176,-0.0110911,3级越限
,0,27,28,1,1,580,1767,0.342801,0.000871744,3级越限
,0,218,219,1,1,681,2382,0.188341,0.0895005,3级越限
,0,277,309,1,1,2699,10903,1.31108,0.0951923,3级越限
,0,277,309,1,1,2699,10903,1.31108,0.0951923,3级越限
,0,277,107,1,1,2699,1645,2.08166,-0.524855,3级越限
,0,277,107,1,1,2699,1645,2.08166,-0.524855,3级越限
,0,277,107,1,1,2699,1645,2.08166,-0.524855,3级越限
,0,277,214,1,1,2699,2567,1.44368,0.0320734,3级越限
,0,277,214,1,1,2699,2567,1.44368,0.0320734,3级越限
,0,277,427,1,1,2699,4946,1.84588,0.132275,3级越限
,0,277,427,1,1,2699,4946,1.84588,0.132275,3级越限
,0,353,352,1,1,1817,3712,0.374717,0.119033,3级越限
,0,647,646,1,1,7627,10754,-0.948195,-0.00837647,3级越限
,0,589,481,1,1,8808,6131,0.349891,0.206022,3级越限
,0,552,348,1,1,6848,1875,0.00156,0.00525163,3级越限
,0,604,452,1,1,9627,5178,0.121238,0.0444231,3级越限
,0,153,78,1,1,678,3227,-0.00191972,-0.0010426,3级越限
,0,31,160,1,1,1559,1778,-4.30081,-0.365682,3级越限
,0,31,160,1,1,1559,1778,-4.30081,-0.365682,3级越限
,0,31,142,1,1,1559,10904,-1.94903,0.0417836,3级越限
,0,31,216,1,1,1559,3220,0.916006,0.346486,3级越限
,0,31,216,1,1,1559,3220,0.916006,0.346486,3级越限
,0,31,32,1,1,1559,555,-0.92272,0.031816,3级越限
,0,31,143,1,1,1559,1135,-0.250065,-0.22331,3级越限
,0,31,65,1,1,1559,597,-0.838308,-0.264408,3级越限
,0,426,423,1,1,4944,4916,4.09479,-0.366441,3级越限
,0,67,69,1,1,1157,1204,0.0102811,-0.539555,3级越限
,0,67,69,1,1,1157,1204,0.0102811,-0.539555,3级越限
,0,67,356,1,1,1157,3728,-0.0217604,0.0445168,3级越限
,0,67,356,1,1,1157,3728,-0.0217604,0.0445168,3级越限
,0,67,68,1,1,1157,1131,-1.00436,0.141989,3级越限
,0,67,117,1,1,1157,1889,-0.971168,0.0865318,3级越限
,0,76,74,1,1,667,1189,-0.235214,0.0464752,3级越限
,0,245,568,1,1,3166,8316,0.304986,-0.0326661,3级越限
,0,245,246,1,1,3166,3005,-1.32143,-0.155218,3级越限
,0,245,246,1,1,3166,3005,-1.32143,-0.155218,3级越限
,0,3,2,1,1,364,4159,17.4651,-8.31697,3级越限
,0,84,21,1,1,3212,1921,1.12889,0.203399,3级越限
,0,580,185,1,1,8502,995,-1.92519,0.87404,3级越限
,0,580,185,1,1,8502,995,-1.92519,0.87404,3级越限
,0,580,119,1,1,8502,1603,-13.9719,-0.637509,3级越限
,0,580,119,1,1,8502,1603,-13.9719,-0.637509,3级越限
,0,462,459,1,1,5249,5211,2.70833,-1.5061,3级越限
,0,462,459,1,1,5249,5211,2.70833,-1.5061,3级越限
,0,525,136,1,1,6849,2287,-1.37644,-0.118479,3级越限
,0,525,136,1,1,6849,2287,-1.37644,-0.118479,3级越限
,0,423,241,1,1,4916,3003,0.332451,0.0737555,3级越限
,0,423,241,1,1,4916,3003,0.332451,0.0737555,3级越限
,0,423,15,1,1,4916,886,-1.84469,-1.38434,3级越限
,0,423,15,1,1,4916,886,-1.84469,-1.38434,3级越限
,0,423,426,1,1,4916,4944,-4.08926,0.213628,3级越限
,0,600,434,1,1,3073,10928,0.731745,0.127385,3级越限
,0,508,159,1,1,6670,1343,5.28314,-0.582258,3级越限
,0,508,159,1,1,6670,1343,5.28314,-0.582258,3级越限
,0,500,217,1,1,6681,1297,-0.515155,-0.0390423,3级越限
,0,500,217,1,1,6681,1297,-0.515155,-0.0390423,3级越限
,0,408,409,1,1,35,366,0.770041,3.53111,3级越限
,0,408,5,1,1,35,2,-13.6131,-7.22488,3级越限
,0,408,5,1,1,35,2,-13.6131,-7.22488,3级越限
,0,23,191,1,1,1154,2800,-0.548975,-0.514616,3级越限
,0,23,24,1,1,1154,1296,0.548987,0.514639,3级越限
,0,267,421,1,1,2743,4899,-0.180771,-0.0630339,3级越限
,0,267,372,1,1,2743,3885,0.125045,0.0541885,3级越限
,0,267,372,1,1,2743,3885,0.125045,0.0541885,3级越限
,0,267,238,1,1,2743,931,-1.1291,-0.265807,3级越限
,0,37,36,1,1,1517,784,-6.60685,0.00163838,3级越限
,0,37,388,1,1,1517,3989,3.08866,-1.29385,3级越限
,0,37,388,1,1,1517,3989,3.08866,-1.29385,3级越限
,0,409,408,1,1,366,35,-0.762025,-3.92971,3级越限
,0,174,384,1,1,445,3926,2.34161,0.877987,3级越限
,0,174,454,1,1,445,5189,0.479533,0.0877404,3级越限
,0,174,220,1,1,445,825,-0.23141,-0.242244,3级越限
,0,174,170,1,1,445,636,-4.33696,-1.08113,3级越限
,0,174,170,1,1,445,636,-4.33696,-1.08113,3级越限
,0,322,188,1,1,10919,2024,0.500829,0.100558,3级越限
,0,229,228,1,1,2386,10913,0.589866,-0.0818422,3级越限
,0,253,271,1,1,2422,2764,0.436135,-0.57635,3级越限
,0,253,1,1,1,2422,1725,-5.73201,0.62309,3级越限
,0,253,1,1,1,2422,1725,-5.73201,0.62309,3级越限
,0,44,130,1,1,3313,2250,1.1987e-05,-0.00777408,3级越限
,0,44,40,1,1,3313,846,0.124609,-0.142794,3级越限
,0,44,38,1,1,3313,843,-0.624907,0.10318,3级越限
,0,365,41,1,1,3827,1456,-2.2261,0.338346,3级越限
,0,365,41,1,1,3827,1456,-2.2261,0.338346,3级越限
,0,365,115,1,1,3827,3378,1.25759,-0.496172,3级越限
,0,365,115,1,1,3827,3378,1.25759,-0.496172,3级越限
,0,279,278,1,1,2655,1946,-0.676437,0.00634551,3级越限
,0,279,278,1,1,2655,1946,-0.676437,0.00634551,3级越限
,0,294,293,1,1,3281,2133,0.366229,0.0963362,3级越限
,0,203,65,1,1,2360,597,0.429643,0.0622667,3级越限
,0,347,236,1,1,3648,2201,1.34215,0.521752,3级越限
,0,347,236,1,1,3648,2201,1.34215,0.521752,3级越限
,0,347,344,1,1,3648,3680,0.696513,0.340022,3级越限
,0,347,344,1,1,3648,3680,0.696513,0.340022,3级越限
,0,347,348,1,1,3648,1875,1.44919,0.125863,3级越限
,0,347,348,1,1,3648,1875,1.44919,0.125863,3级越限
,0,347,345,1,1,3648,2183,1.40475,0.128432,3级越限
,0,347,345,1,1,3648,2183,1.40475,0.128432,3级越限
,0,362,363,1,1,3790,2415,0.0470825,0.0248403,3级越限
,0,395,94,1,1,4054,607,-0.030085,0.163592,3级越限
,0,395,94,1,1,4054,607,-0.030085,0.163592,3级越限
,0,395,62,1,1,4054,3426,3.02143,0.452119,3级越限
,0,395,62,1,1,4054,3426,3.02143,0.452119,3级越限
,0,395,316,1,1,4054,2940,-4.98413,-0.35633,3级越限
,0,395,316,1,1,4054,2940,-4.98413,-0.35633,3级越限
,0,395,526,1,1,4054,4805,0.00537653,-0.109869,3级越限
,0,582,280,1,1,8558,2508,0.220314,-0.76716,3级越限
,0,627,599,1,1,10253,9536,-0.00900451,-0.0382341,3级越限
,0,232,231,1,1,972,2630,0.553361,-0.313513,3级越限
,0,232,231,1,1,972,2630,0.553361,-0.313513,3级越限
,0,232,487,1,1,972,6231,-0.0472901,-0.0243981,3级越限
,0,232,442,1,1,972,5062,-0.339921,-0.130733,3级越限
,0,232,442,1,1,972,5062,-0.339921,-0.130733,3级越限
,0,635,539,1,1,10523,7272,0.367609,0.0124185,3级越限
,0,479,111,1,1,6166,1843,-1.0645,0.398603,3级越限
,0,479,111,1,1,6166,1843,-1.0645,0.398603,3级越限
,0,473,316,1,1,6116,2940,-0.79024,-0.0701504,3级越限
,0,545,481,1,1,7321,6131,1.28316,-0.179607,3级越限
,0,435,394,1,1,4966,3556,0.0798065,0.0382556,3级越限
,0,64,321,1,1,3284,3360,1.19,0.0290805,3级越限
,0,64,177,1,1,3284,1761,-0.91928,0.10062,3级越限
,0,64,59,1,1,3284,1233,0.656903,0.00713905,3级越限
,0,538,472,1,1,6916,5765,-0.00539734,0.0134512,3级越限
,0,12,11,1,1,286,6186,59.0425,-9.61352,3级越限
,0,12,11,1,1,286,6186,59.0425,-9.61352,3级越限
,0,12,11,1,1,286,6186,59.0425,-9.61352,3级越限
,0,92,91,1,1,1467,1793,-1.35715,-0.657722,3级越限
,0,92,432,1,1,1467,3958,-0.329604,-0.189565,3级越限
,0,92,98,1,1,1467,1520,1.09523,0.725071,3级越限
,0,92,98,1,1,1467,1520,1.09523,0.725071,3级越限
,0,19,20,1,1,1906,499,-1.31181,-0.218296,3级越限
,0,19,26,1,1,1906,2146,-1.08043,-0.134701,3级越限
,0,159,82,1,1,1343,1284,4.21423,-0.249214,3级越限
,0,159,82,1,1,1343,1284,4.21423,-0.249214,3级越限
,0,159,523,1,1,1343,6845,0.00750482,-0.123287,3级越限
,0,159,508,1,1,1343,6670,-5.27498,0.643166,3级越限
,0,159,508,1,1,1343,6670,-5.27498,0.643166,3级越限
,0,159,243,1,1,1343,2932,-1.07882,-0.166908,3级越限
,0,159,66,1,1,1343,2213,2.00779,0.349034,3级越限
,0,159,66,1,1,1343,2213,2.00779,0.349034,3级越限
,0,159,197,1,1,1343,2352,-1.75381,-0.305353,3级越限
,0,235,557,1,1,2637,7923,-0.596973,-0.0279307,3级越限
,0,235,166,1,1,2637,1083,0.735278,0.0361806,3级越限
,0,235,166,1,1,2637,1083,0.735278,0.0361806,3级越限
,0,7,8,1,1,189,2496,10.9713,-2.33763,3级越限
,0,7,8,1,1,189,2496,10.9713,-2.33763,3级越限
,0,374,375,1,1,3894,2132,-0.595324,-0.203944,3级越限
,0,374,52,1,1,3894,1000,-1.02633,-0.231745,3级越限
,0,374,54,1,1,3894,1959,-0.757448,-0.23994,3级越限
,0,374,524,1,1,3894,6847,-0.0887888,-0.0732341,3级越限
,0,172,154,1,1,2318,1102,1.32418,-0.101903,3级越限
,0,127,32,1,1,2142,555,0.396937,-0.00129363,3级越限
,0,127,199,1,1,2142,2355,-0.171071,-0.0544787,3级越限
,0,305,306,1,1,3290,2358,0.065172,0.00837599,3级越限
,0,208,207,1,1,2925,2230,1.91079,0.254984,3级越限
,0,208,207,1,1,2925,2230,1.91079,0.254984,3级越限
,0,208,187,1,1,2925,1991,-2.44434,-0.0740917,3级越限
,0,208,187,1,1,2925,1991,-2.44434,-0.0740917,3级越限
,0,330,247,1,1,3533,2452,0.601424,0.0633173,3级越限
,0,645,351,1,1,10741,3705,-0.162933,0.00416839,3级越限
,0,599,280,1,1,9536,2508,0.0392174,-0.0560336,3级越限
,0,599,627,1,1,9536,10253,0.00900578,0.0223248,3级越限
,0,542,176,1,1,7297,3193,-1.88212,-0.144512,3级越限
,0,542,176,1,1,7297,3193,-1.88212,-0.144512,3级越限
,0,542,210,1,1,7297,2558,1.63459,0.263375,3级越限
,0,542,210,1,1,7297,2558,1.63459,0.263375,3级越限
,0,520,109,1,1,6826,1730,0.000975465,0.0464549,3级越限
,0,512,603,1,1,6734,9903,-0.22478,-0.234156,3级越限
,0,512,511,1,1,6734,6713,0.0496866,-0.0928604,3级越限
,0,503,481,1,1,6695,6131,0.643778,0.0634076,3级越限
,0,503,505,1,1,6695,6705,-0.284008,-0.0346221,3级越限
,0,503,504,1,1,6695,6702,-0.193938,0.000954789,3级越限
,0,588,155,1,1,8773,630,-2.17796,1.48035,3级越限
,0,588,155,1,1,8773,630,-2.17796,1.48035,3级越限
,0,488,288,1,1,6589,3078,0.264892,0.0345706,3级越限
,0,472,538,1,1,5765,6916,0.00539892,-0.0234578,3级越限
,0,472,80,1,1,5765,1403,-0.0204376,0.504425,3级越限
,0,533,534,1,1,6890,6899,-0.190444,0.123782,3级越限
,0,533,541,1,1,6890,7295,-0.133186,-0.0743162,3级越限
,0,533,509,1,1,6890,6718,-0.219569,-0.192667,3级越限
,0,442,232,1,1,5062,972,0.340528,0.0432543,3级越限
,0,442,232,1,1,5062,972,0.340528,0.0432543,3级越限
,0,442,532,1,1,5062,6881,-0.318618,-0.010123,3级越限
,0,442,560,1,1,5062,8155,-0.254422,0.0434598,3级越限
,0,440,439,1,1,2121,5027,1.10033,0.0472576,3级越限
,0,440,439,1,1,2121,5027,1.10033,0.0472576,3级越限
,0,440,618,1,1,2121,8505,-4.39879,-0.889983,3级越限
,0,440,618,1,1,2121,8505,-4.39879,-0.889983,3级越限
,0,521,236,1,1,6842,2201,-2.20687e-05,0.0300522,3级越限
,0,70,136,1,1,2047,2287,-2.80853,-0.0906569,3级越限
,0,70,136,1,1,2047,2287,-2.80853,-0.0906569,3级越限
,0,70,193,1,1,2047,2831,0.341779,-0.188299,3级越限
,0,70,193,1,1,2047,2831,0.341779,-0.188299,3级越限
,0,70,71,1,1,2047,1147,0.735969,0.186335,3级越限
,0,70,71,1,1,2047,1147,0.735969,0.186335,3级越限
,0,70,620,1,1,2047,10228,0.264903,-0.162998,3级越限
,0,70,620,1,1,2047,10228,0.264903,-0.162998,3级越限
,0,108,239,1,1,1184,2935,-4.41795,-1.29597,3级越限
,0,108,239,1,1,1184,2935,-4.41795,-1.29597,3级越限
,0,108,1,1,1,1184,1725,-9.21249,1.44312,3级越限
,0,108,1,1,1,1184,1725,-9.21249,1.44312,3级越限
,0,385,271,1,1,3930,2764,1.22249,-0.915304,3级越限
,0,222,99,1,1,2574,1214,1.66948,0.596184,3级越限
,0,222,392,1,1,2574,4004,-1.12728,-0.37145,3级越限
,0,222,392,1,1,2574,4004,-1.12728,-0.37145,3级越限
,0,222,223,1,1,2574,1369,-1.32447,-0.332028,3级越限
,0,222,223,1,1,2574,1369,-1.32447,-0.332028,3级越限
,0,222,343,1,1,2574,3672,-0.0684006,0.0235121,3级越限
,0,222,343,1,1,2574,3672,-0.0684006,0.0235121,3级越限
,0,182,420,1,1,562,4892,1.89015,0.533558,3级越限
,0,182,420,1,1,562,4892,1.89015,0.533558,3级越限
,0,182,623,1,1,562,10242,-1.7148,-0.527722,3级越限
,0,182,623,1,1,562,10242,-1.7148,-0.527722,3级越限
,0,182,181,1,1,562,722,-0.476158,-0.0157381,3级越限
,0,358,615,1,1,2588,10133,-10.0438,-0.788532,3级越限
,0,358,615,1,1,2588,10133,-10.0438,-0.788532,3级越限
,0,358,573,1,1,2588,8478,-2.67396,0.053079,3级越限
,0,358,359,1,1,2588,3760,10.883,0.728435,3级越限
,0,358,359,1,1,2588,3760,10.883,0.728435,3级越限
,0,358,119,1,1,2588,1603,13.8483,0.804249,3级越限
,0,358,119,1,1,2588,1603,13.8483,0.804249,3级越限
,0,358,607,1,1,2588,10021,-9.705,-2.94759,3级越限
,0,358,607,1,1,2588,10021,-9.705,-2.94759,3级越限
,0,275,438,1,1,2721,5002,1.11151,-0.174746,3级越限
,0,275,438,1,1,2721,5002,1.11151,-0.174746,3级越限
,0,275,188,1,1,2721,2024,-1.21753,0.394172,3级越限
,0,275,188,1,1,2721,2024,-1.21753,0.394172,3级越限
,0,275,361,1,1,2721,3787,-0.206535,-0.0898783,3级越限
,0,226,315,1,1,2599,1892,0.086063,-0.179274,3级越限
,0,226,373,1,1,2599,3886,-0.171399,0.0522157,3级越限
,0,226,373,1,1,2599,3886,-0.171399,0.0522157,3级越限
,0,226,227,1,1,2599,2378,-0.957439,-0.228603,3级越限
,0,226,314,1,1,2599,1058,-0.524931,-0.284803,3级越限
,0,226,494,1,1,2599,6617,-0.744392,-0.266305,3级越限
,0,149,272,1,1,1221,2644,0.0988468,-0.585748,3级越限
,0,149,272,1,1,1221,2644,0.0988468,-0.585748,3级越限
,0,149,354,1,1,1221,3715,-2.50964,-0.0340652,3级越限
,0,149,354,1,1,1221,3715,-2.50964,-0.0340652,3级越限
,0,149,78,1,1,1221,3227,-0.0231174,0.256551,3级越限
,0,398,397,1,1,4068,4075,-0.729723,-0.053556,3级越限
,0,398,397,1,1,4068,4075,-0.729723,-0.053556,3级越限
,0,623,424,1,1,10242,4921,-1.47247,-0.340752,3级越限
,0,623,424,1,1,10242,4921,-1.47247,-0.340752,3级越限
,0,623,425,1,1,10242,1138,-0.27732,-0.113325,3级越限
,0,623,182,1,1,10242,562,1.71769,0.515922,3级越限
,0,623,182,1,1,10242,562,1.71769,0.515922,3级越限
,0,623,624,1,1,10242,8309,-0.10886,-0.0644079,3级越限
,0,559,539,1,1,8143,7272,0.447873,-0.0360357,3级越限
,0,492,173,1,1,6601,1802,-0.151771,-0.0241814,3级越限
,0,492,173,1,1,6601,1802,-0.151771,-0.0241814,3级越限
,0,637,638,1,1,10669,10667,0.00242437,0.00400721,3级越限
,0,637,28,1,1,10669,1767,-0.00242409,0.110209,3级越限
,0,445,443,1,1,3385,5037,-1.42549,-0.344204,3级越限
,0,445,443,1,1,3385,5037,-1.42549,-0.344204,3级越限
,0,444,443,1,1,2462,5037,-2.13396,-0.624411,3级越限
,0,444,443,1,1,2462,5037,-2.13396,-0.624411,3级越限
,0,535,536,1,1,6912,6736,-0.154767,-0.048713,3级越限
,0,419,376,1,1,263,240,13.003,-1.68528,3级越限
,0,419,376,1,1,263,240,13.003,-1.68528,3级越限
,0,419,150,1,1,263,1328,9.63205,0.14291,3级越限
,0,419,150,1,1,263,1328,9.63205,0.14291,3级越限
,0,144,206,1,1,1786,2802,-4.27094,-0.341733,3级越限
,0,144,206,1,1,1786,2802,-4.27094,-0.341733,3级越限
,0,144,184,1,1,1786,2535,-0.501854,-0.280227,3级越限
,0,144,184,1,1,1786,2535,-0.501854,-0.280227,3级越限
,0,144,145,1,1,1786,1165,2.99225,0.187564,3级越限
,0,144,145,1,1,1786,1165,2.99225,0.187564,3级越限
,0,91,501,1,1,1793,6688,-0.400144,-0.406641,3级越限
,0,91,92,1,1,1793,1467,1.35944,0.647925,3级越限
,0,91,554,1,1,1793,7716,-2.40009,-0.37304,3级越限
,0,91,554,1,1,1793,7716,-2.40009,-0.37304,3级越限
,0,42,418,1,1,1382,4882,1.28818,-0.853623,3级越限
,0,42,43,1,1,1382,10902,-2.32928,0.891887,3级越限
,0,301,302,1,1,838,3294,-0.20382,-0.0749427,3级越限
,0,97,62,1,1,10898,3426,-0.53106,0.0285794,3级越限
,0,163,162,1,1,540,2015,-0.121372,-0.111591,3级越限
,0,163,281,1,1,540,3037,0.422362,0.19429,3级越限
,0,418,187,1,1,4882,1991,0.603527,-0.830312,3级越限
,0,418,187,1,1,4882,1991,0.603527,-0.830312,3级越限
,0,418,42,1,1,4882,1382,-1.2821,0.876838,3级越限
,0,87,88,1,1,1711,777,2.0552,0.793028,3级越限
,0,157,498,1,1,1061,6628,2.37054,0.288974,3级越限
,0,157,498,1,1,1061,6628,2.37054,0.288974,3级越限
,0,157,158,1,1,1061,2176,1.64003,0.113876,3级越限
,0,157,158,1,1,1061,2176,1.64003,0.113876,3级越限
,0,230,140,1,1,2581,944,-1.6309,-0.229067,3级越限
,0,230,140,1,1,2581,944,-1.6309,-0.229067,3级越限
,0,397,282,1,1,4075,2728,-1.14703,0.184075,3级越限
,0,397,398,1,1,4075,4068,0.730443,-0.0147958,3级越限
,0,397,398,1,1,4075,4068,0.730443,-0.0147958,3级越限
,0,243,159,1,1,2932,1343,1.08287,0.155764,3级越限
,0,243,197,1,1,2932,2352,-1.51703,-0.336472,3级越限
,0,281,163,1,1,3037,540,-0.422048,-0.211387,3级越限
,0,281,372,1,1,3037,3885,0.868771,0.278854,3级越限
,0,386,36,1,1,3955,784,-12.0428,1.40702,3级越限
,0,386,36,1,1,3955,784,-12.0428,1.40702,3级越限
,0,386,387,1,1,3955,10907,6.29506,-1.14091,3级越限
,0,386,388,1,1,3955,3989,-1.4164,0.669966,3级越限
,0,386,388,1,1,3955,3989,-1.4164,0.669966,3级越限
,0,386,431,1,1,3955,10906,5.82592,-1.13935,3级越限
,0,200,88,1,1,2080,777,0.338754,0.381976,3级越限
,0,131,33,1,1,467,1956,0.95357,0.883459,3级越限
,0,131,236,1,1,467,2201,-0.227335,-0.74493,3级越限
,0,131,236,1,1,467,2201,-0.227335,-0.74493,3级越限
,0,131,30,1,1,467,687,-3.19815,0.115653,3级越限
,0,131,30,1,1,467,687,-3.19815,0.115653,3级越限
,0,131,50,1,1,467,1754,0.875481,-0.270897,3级越限
,0,131,50,1,1,467,1754,0.875481,-0.270897,3级越限
,0,310,240,1,1,3341,1987,4.04788,-2.50989,3级越限
,0,310,240,1,1,3341,1987,4.04788,-2.50989,3级越限
,0,223,222,1,1,1369,2574,1.32809,0.325171,3级越限
,0,223,222,1,1,1369,2574,1.32809,0.325171,3级越限
,0,346,66,1,1,3687,2213,0.818095,-0.29027,3级越限
,0,346,273,1,1,3687,3040,-1.57375,0.112694,3级越限
,0,346,273,1,1,3687,3040,-1.57375,0.112694,3级越限
,0,359,360,1,1,3760,3413,-2.63119,0.171868,3级越限
,0,359,514,1,1,3760,6789,-0.132048,-0.0124955,3级越限
,0,359,514,1,1,3760,6789,-0.132048,-0.0124955,3级越限
,0,359,358,1,1,3760,2588,-10.8738,-0.9387,3级越限
,0,359,358,1,1,3760,2588,-10.8738,-0.9387,3级越限
,0,359,119,1,1,3760,1603,13.6369,0.780187,3级越限
,0,359,119,1,1,3760,1603,13.6369,0.780187,3级越限
,0,139,198,1,1,818,988,0.892062,-0.133258,3级越限
,0,139,198,1,1,818,988,0.892062,-0.133258,3级越限
,0,139,350,1,1,818,3698,-3.66982,0.0601683,3级越限
,0,139,350,1,1,818,3698,-3.66982,0.0601683,3级越限
,0,139,190,1,1,818,2824,-1.93789,-0.0608098,3级越限
,0,139,190,1,1,818,2824,-1.93789,-0.0608098,3级越限
,0,139,138,1,1,818,1321,2.2126,0.246733,3级越限
,0,577,578,1,1,4813,6860,0.187361,-0.0315503,3级越限
,0,577,579,1,1,4813,6863,-0.0681866,0.0286418,3级越限
,0,507,506,1,1,6710,6706,0.149433,0.0207282,3级越限
,0,498,157,1,1,6628,1061,-2.37026,-0.290318,3级越限
,0,498,157,1,1,6628,1061,-2.37026,-0.290318,3级越限
,0,498,74,1,1,6628,1189,1.27028,0.16674,3级越限
,0,498,74,1,1,6628,1189,1.27028,0.16674,3级越限
,0,495,494,1,1,2396,6617,0.0677176,0.12431,3级越限
,0,465,118,1,1,5320,459,0.992678,0.34894,3级越限
,0,465,118,1,1,5320,459,0.992678,0.34894,3级越限
,0,465,369,1,1,5320,3841,-0.990003,-0.0512809,3级越限
,0,465,369,1,1,5320,3841,-0.990003,-0.0512809,3级越限
,0,196,605,1,1,2912,9964,-2.61686,-0.739706,3级越限
,0,196,605,1,1,2912,9964,-2.61686,-0.739706,3级越限
,0,196,128,1,1,2912,2135,0.0582921,0.26663,3级越限
,0,196,128,1,1,2912,2135,0.0582921,0.26663,3级越限
,0,624,623,1,1,8309,10242,0.108896,0.0306701,3级越限
,0,71,128,1,1,1147,2135,-1.75155,-0.164513,3级越限
,0,71,128,1,1,1147,2135,-1.75155,-0.164513,3级越限
,0,71,70,1,1,1147,2047,-0.735313,-0.238653,3级越限
,0,71,70,1,1,1147,2047,-0.735313,-0.238653,3级越限
,0,117,67,1,1,1889,1157,0.982383,-0.0834425,3级越限
,0,30,33,1,1,687,1956,1.60369,0.0106131,3级越限
,0,30,34,1,1,687,10910,2.52914,0.64933,3级越限
,0,30,34,1,1,687,10910,2.52914,0.64933,3级越限
,0,30,471,1,1,687,5758,0.564368,-0.127507,3级越限
,0,30,146,1,1,687,1814,-0.732171,-0.283276,3级越限
,0,30,131,1,1,687,467,3.20601,-0.0992459,3级越限
,0,30,131,1,1,687,467,3.20601,-0.0992459,3级越限
,0,30,249,1,1,687,2838,0.630872,0.0679649,3级越限
,0,30,249,1,1,687,2838,0.630872,0.0679649,3级越限
,0,30,29,1,1,687,1374,2.03523,-0.629457,3级越限
,0,30,29,1,1,687,1374,2.03523,-0.629457,3级越限
,0,30,29,1,1,687,1374,2.03523,-0.629457,3级越限
,0,66,137,1,1,2213,981,2.57938,-0.347256,3级越限
,0,66,137,1,1,2213,981,2.57938,-0.347256,3级越限
,0,66,159,1,1,2213,1343,-2.00527,-0.361398,3级越限
,0,66,159,1,1,2213,1343,-2.00527,-0.361398,3级越限
,0,66,346,1,1,2213,3687,-0.816114,0.28665,3级越限
,0,66,39,1,1,2213,1090,-0.934241,0.506986,3级越限
,0,66,39,1,1,2213,1090,-0.934241,0.506986,3级越限
,0,78,153,1,1,3227,678,0.00191972,-0.00309123,3级越限
,0,78,149,1,1,3227,1221,0.0232695,-0.272983,3级越限
,0,78,74,1,1,3227,1189,-1.6496,-0.248616,3级越限
,0,78,317,1,1,3227,3350,-0.766102,-0.125242,3级越限
,0,399,140,1,1,4082,944,-0.564291,-0.202313,3级越限
,0,399,140,1,1,4082,944,-0.564291,-0.202313,3级越限
,0,112,115,1,1,1596,3378,2.4592,-0.581027,3级越限
,0,112,115,1,1,1596,3378,2.4592,-0.581027,3级越限
,0,112,113,1,1,1596,1809,-3.66887,0.533394,3级越限
,0,112,113,1,1,1596,1809,-3.66887,0.533394,3级越限
,0,224,225,1,1,685,2389,-32.1776,4.0286,3级越限
,0,224,225,1,1,685,2389,-32.1776,4.0286,3级越限
,0,224,225,1,1,685,2389,-32.1776,4.0286,3级越限
,0,224,225,1,1,685,2389,-32.1776,4.0286,3级越限
,0,224,241,1,1,685,3003,16.0021,-3.14261,3级越限
,0,224,241,1,1,685,3003,16.0021,-3.14261,3级越限
,0,224,150,1,1,685,1328,-17.1075,-3.56984,3级越限
,0,224,150,1,1,685,1328,-17.1075,-3.56984,3级越限
,0,224,342,1,1,685,3636,23.4485,1.2399,3级越限
,0,224,342,1,1,685,3636,23.4485,1.2399,3级越限
,0,348,571,1,1,1875,8470,-0.0852116,0.11988,3级越限
,0,348,552,1,1,1875,6848,-0.00155994,-0.0161776,3级越限
,0,348,347,1,1,1875,3648,-1.44662,-0.168899,3级越限
,0,348,347,1,1,1875,3648,-1.44662,-0.168899,3级越限
,0,318,456,1,1,849,5288,0.125299,0.14216,3级越限
,0,318,456,1,1,849,5288,0.125299,0.14216,3级越限
,0,318,369,1,1,849,3841,-1.70325,0.15174,3级越限
,0,318,369,1,1,849,3841,-1.70325,0.15174,3级越限
,0,616,373,1,1,10138,3886,0.609091,-0.072447,3级越限
,0,628,150,1,1,10331,1328,2.01899,-0.130367,3级越限
,0,563,562,1,1,3921,6222,-0.0178357,-0.011613,3级越限
,0,644,27,1,1,10700,580,0.00170394,0.00229033,3级越限
,0,422,403,1,1,4906,4101,0.436105,0.0784878,3级越限
,0,412,413,1,1,4300,1782,0.0604471,0.0152772,3级越限
,0,109,111,1,1,1730,1843,1.9919,-0.421411,3级越限
,0,109,520,1,1,1730,6826,-0.000964732,-0.0631188,3级越限
,0,109,110,1,1,1730,1271,3.83651,-0.0665382,3级越限
,0,109,110,1,1,1730,1271,3.83651,-0.0665382,3级越限
,0,109,194,1,1,1730,452,3.21937,0.249571,3级越限
,0,109,194,1,1,1730,452,3.21937,0.249571,3级越限
,0,337,466,1,1,2766,5278,1.0396,0.115936,3级越限
,0,337,640,1,1,2766,10949,-0.00233571,-0.0729847,3级越限
,0,337,27,1,1,2766,580,-0.697582,-0.121293,3级越限
,0,337,27,1,1,2766,580,-0.697582,-0.121293,3级越限
,0,337,643,1,1,2766,10699,0.000432183,-0.0418674,3级越限
,0,337,335,1,1,2766,3588,1.09862,0.0500101,3级越限
,0,337,335,1,1,2766,3588,1.09862,0.0500101,3级越限
,0,337,26,1,1,2766,2146,0.217112,0.181213,3级越限
,0,337,26,1,1,2766,2146,0.217112,0.181213,3级越限
,0,104,137,1,1,804,981,-1.37085,0.0229692,3级越限
,0,104,137,1,1,804,981,-1.37085,0.0229692,3级越限
,0,104,389,1,1,804,4040,3.29826,-0.550023,3级越限
,0,104,389,1,1,804,4040,3.29826,-0.550023,3级越限
,0,104,83,1,1,804,1662,-3.42152,0.230746,3级越限
,0,104,83,1,1,804,1662,-3.42152,0.230746,3级越限
,0,608,609,1,1,4853,4862,0.0954691,0.0325233,3级越限
,0,283,88,1,1,837,777,0.854521,0.599353,3级越限
,0,94,548,1,1,607,7610,-0.914204,0.235802,3级越限
,0,94,548,1,1,607,7610,-0.914204,0.235802,3级越限
,0,94,416,1,1,607,10926,0.0576229,-0.057763,3级越限
,0,94,395,1,1,607,4054,0.030107,-0.183804,3级越限
,0,94,395,1,1,607,4054,0.030107,-0.183804,3级越限
,0,94,93,1,1,607,1479,2.19343,-0.00320595,3级越限
,0,94,93,1,1,607,1479,2.19343,-0.00320595,3级越限
,0,94,75,1,1,607,507,-3.15822,0.0226957,3级越限
,0,94,75,1,1,607,507,-3.15822,0.0226957,3级越限
,0,80,228,1,1,1403,10913,-0.586405,0.0513645,3级越限
,0,80,204,1,1,1403,2363,-0.627917,0.0519181,3级越限
,0,80,72,1,1,1403,1264,-0.265954,-0.0451323,3级越限
,0,80,72,1,1,1403,1264,-0.265954,-0.0451323,3级越限
,0,80,401,1,1,1403,2153,-0.0115136,-0.189093,3级越限
,0,80,339,1,1,1403,10912,-0.309605,-0.00764096,3级越限
,0,80,472,1,1,1403,5765,0.0207472,-0.512804,3级越限
,0,47,13,1,1,3091,943,2.10215,-0.0647757,3级越限
,0,47,13,1,1,3091,943,2.10215,-0.0647757,3级越限
,0,123,497,1,1,2102,6621,0.930611,-0.224762,3级越限
,0,123,110,1,1,2102,1271,-0.525271,-0.209391,3级越限
,0,123,110,1,1,2102,1271,-0.525271,-0.209391,3级越限
,0,123,190,1,1,2102,2824,1.21497,-0.0597396,3级越限
,0,123,132,1,1,2102,520,-1.7767,0.18365,3级越限
,0,123,247,1,1,2102,2452,-1.66588,0.186088,3级越限
,0,123,247,1,1,2102,2452,-1.66588,0.186088,3级越限
,0,20,25,1,1,499,543,-1.72443,-0.1033,3级越限
,0,20,27,1,1,499,580,0.185548,-0.0568091,3级越限
,0,20,19,1,1,499,1906,1.31308,0.225004,3级越限
,0,143,165,1,1,1135,2062,-0.250684,-0.192866,3级越限
,0,143,31,1,1,1135,1559,0.250665,0.192797,3级越限
,0,288,154,1,1,3078,1102,0.285658,0.00472454,3级越限
,0,288,488,1,1,3078,6589,-0.264698,-0.0499887,3级越限
,0,336,335,1,1,924,3588,-1.00906,-0.134526,3级越限
,0,336,335,1,1,924,3588,-1.00906,-0.134526,3级越限
,0,237,238,1,1,2414,931,0.75253,0.150194,3级越限
,0,300,299,1,1,1886,3288,-0.0202652,-0.0125256,3级越限
,0,320,122,1,1,3371,1505,-0.479511,-0.124947,3级越限
,0,334,333,1,1,938,3584,-0.335219,-0.104018,3级越限
,0,250,325,1,1,2469,10917,1.18726,0.021019,3级越限
,0,250,251,1,1,2469,1832,-3.82874,0.364277,3级越限
,0,250,251,1,1,2469,1832,-3.82874,0.364277,3级越限
,0,350,25,1,1,3698,543,-0.864442,-0.0111312,3级越限
,0,350,268,1,1,3698,2426,-3.04066,0.080399,3级越限
,0,350,268,1,1,3698,2426,-3.04066,0.080399,3级越限
,0,350,27,1,1,3698,580,-0.809903,0.00216492,3级越限
,0,350,139,1,1,3698,818,3.68617,-0.00990338,3级越限
,0,350,139,1,1,3698,818,3.68617,-0.00990338,3级越限
,0,597,598,1,1,9112,933,0.0165991,0.0570068,3级越限
,0,414,413,1,1,4302,1782,0.00380337,1.156e-05,3级越限
,0,103,18,1,1,1655,1588,-0.863284,0.0254262,3级越限
,0,103,18,1,1,1655,1588,-0.863284,0.0254262,3级越限
,0,103,124,1,1,1655,3184,-0.830869,0.0147394,3级越限
,0,103,105,1,1,1655,868,0.430786,-0.0837333,3级越限
,0,103,105,1,1,1655,868,0.430786,-0.0837333,3级越限
,0,110,118,1,1,1271,459,1.66236,-0.549474,3级越限
,0,110,118,1,1,1271,459,1.66236,-0.549474,3级越限
,0,110,109,1,1,1271,1730,-3.82867,0.048619,3级越限
,0,110,109,1,1,1271,1730,-3.82867,0.048619,3级越限
,0,110,123,1,1,1271,2102,0.526302,0.150464,3级越限
,0,110,123,1,1,1271,2102,0.526302,0.150464,3级越限
,0,126,88,1,1,1124,777,0.096545,-0.217505,3级越限
,0,126,88,1,1,1124,777,0.096545,-0.217505,3级越限
,0,126,454,1,1,1124,5189,0.0341009,0.0410985,3级越限
,0,126,170,1,1,1124,636,-2.45447,-0.340453,3级越限
,0,126,170,1,1,1124,636,-2.45447,-0.340453,3级越限
,0,11,240,1,1,6186,1987,-2.24621,7.66006,3级越限
,0,11,240,1,1,6186,1987,-2.24621,7.66006,3级越限
,0,11,12,1,1,6186,286,-58.5492,18.2638,3级越限
,0,11,12,1,1,6186,286,-58.5492,18.2638,3级越限
,0,11,12,1,1,6186,286,-58.5492,18.2638,3级越限
,0,11,5,1,1,6186,2,5.6866,9.11038,3级越限
,0,11,5,1,1,6186,2,5.6866,9.11038,3级越限
,0,54,52,1,1,1959,1000,-2.5005,-0.539167,3级越限
,0,54,52,1,1,1959,1000,-2.5005,-0.539167,3级越限
,0,54,374,1,1,1959,3894,0.75835,0.223743,3级越限
,0,209,45,1,1,2542,857,-0.617377,-0.049848,3级越限
,0,209,45,1,1,2542,857,-0.617377,-0.049848,3级越限
,0,209,173,1,1,2542,1802,-0.185151,-0.178868,3级越限
,0,209,173,1,1,2542,1802,-0.185151,-0.178868,3级越限
,0,209,217,1,1,2542,1297,0.00127182,0.17107,3级越限
,0,209,217,1,1,2542,1297,0.00127182,0.17107,3级越限
,0,372,267,1,1,3885,2743,-0.125002,-0.159667,3级越限
,0,372,267,1,1,3885,2743,-0.125002,-0.159667,3级越限
,0,372,281,1,1,3885,3037,-0.867045,-0.285962,3级越限
,0,372,59,1,1,3885,1233,0.992015,0.445493,3级越限
,0,372,59,1,1,3885,1233,0.992015,0.445493,3级越限
,0,372,59,1,1,3885,1233,0.992015,0.445493,3级越限
,0,303,304,1,1,3265,559,0.0135236,0.0200725,3级越限
,0,210,140,1,1,2558,944,-1.4719,-0.230877,3级越限
,0,210,140,1,1,2558,944,-1.4719,-0.230877,3级越限
,0,210,542,1,1,2558,7297,-1.62602,-0.277759,3级越限
,0,210,542,1,1,2558,7297,-1.62602,-0.277759,3级越限
,0,210,234,1,1,2558,2110,1.89806,0.270354,3级越限
,0,210,234,1,1,2558,2110,1.89806,0.270354,3级越限
,0,254,246,1,1,1669,3005,-1.21263,-0.197906,3级越限
,0,254,246,1,1,1669,3005,-1.21263,-0.197906,3级越限
,0,376,8,1,1,240,2496,-17.7417,7.77694,3级越限
,0,376,8,1,1,240,2496,-17.7417,7.77694,3级越限
,0,376,419,1,1,240,263,-12.9505,1.41459,3级越限
,0,376,419,1,1,240,263,-12.9505,1.41459,3级越限
,0,376,446,1,3,240,296,-10.4021,2.72237,3级越限
,0,376,446,1,3,240,296,-10.4021,2.72237,3级越限
,0,376,446,1,3,240,296,-10.4021,2.72237,3级越限
,0,166,368,1,1,1083,3875,1.11195,0.155698,3级越限
,0,166,368,1,1,1083,3875,1.11195,0.155698,3级越限
,0,166,167,1,1,1083,2210,-0.599342,-0.077233,3级越限
,0,166,235,1,1,1083,2637,-0.733924,-0.121935,3级越限
,0,166,235,1,1,1083,2637,-0.733924,-0.121935,3级越限
,0,578,577,1,1,6860,4813,-0.186404,0.0290889,3级越限
,0,477,476,1,1,5253,6144,-0.395955,-0.236739,3级越限
,0,477,476,1,1,5253,6144,-0.395955,-0.236739,3级越限
,0,477,583,1,1,5253,8740,-0.735167,-0.142263,3级越限
,0,477,539,1,1,5253,7272,-1.04189,-0.284659,3级越限
,0,477,539,1,1,5253,7272,-1.04189,-0.284659,3级越限
,0,477,513,1,1,5253,6742,-0.537573,-0.368787,3级越限
,0,477,513,1,1,5253,6742,-0.537573,-0.368787,3级越限
,0,532,447,1,1,6881,5133,0.718515,-0.233129,3级越限
,0,532,442,1,1,6881,5062,0.318971,-0.0375997,3级越限
,0,437,49,1,1,5000,884,0.407429,-0.111336,3级越限
,0,197,159,1,1,2352,1343,1.76436,0.340092,3级越限
,0,197,243,1,1,2352,2932,1.52076,0.342935,3级越限
,0,238,267,1,1,931,2743,1.13218,0.258476,3级越限
,0,238,237,1,1,931,2414,-0.751487,-0.154874,3级越限
,0,380,490,1,1,3918,6663,0.0917956,0.0471772,3级越限
,0,380,381,1,1,3918,3912,0.0367084,-0.0371416,3级越限
,0,169,170,1,1,1704,636,-3.68522,-0.649757,3级越限
,0,169,170,1,1,1704,636,-3.68522,-0.649757,3级越限
,0,169,170,1,1,1704,636,-3.68522,-0.649757,3级越限
,0,5,4,1,1,2,2286,9.42776,5.43723,3级越限
,0,5,4,1,1,2,2286,9.42776,5.43723,3级越限
,0,5,4,1,1,2,2286,9.42776,5.43723,3级越限
,0,5,408,1,1,2,35,13.6982,7.07567,3级越限
,0,5,408,1,1,2,35,13.6982,7.07567,3级越限
,0,5,11,1,1,2,6186,-5.68346,-9.24467,3级越限
,0,5,11,1,1,2,6186,-5.68346,-9.24467,3级越限
,0,5,10,1,1,2,276,-15.2541,4.5523,3级越限
,0,5,10,1,1,2,276,-15.2541,4.5523,3级越限
,0,5,9,1,1,2,277,-16.0271,4.86907,3级越限
,0,5,9,1,1,2,277,-16.0271,4.86907,3级越限
,0,5,410,1,1,2,36,13.8381,7.07286,3级越限
,0,5,410,1,1,2,36,13.8381,7.07286,3级越限
,0,38,44,1,1,843,3313,0.629099,-0.121753,3级越限
,0,38,39,1,1,843,1090,2.01505,-0.049791,3级越限
,0,266,15,1,1,2698,886,-5.67392,-2.84554,3级越限
,0,266,24,1,1,2698,1296,-1.01376,-2.75216,3级越限
,0,179,154,1,1,2334,1102,0.345555,0.160802,3级越限
,0,59,63,1,1,1233,979,-0.321214,-0.17918,3级越限
,0,59,321,1,1,1233,3360,1.86757,0.0257972,3级越限
,0,59,531,1,1,1233,6877,0.0819169,-0.170698,3级越限
,0,59,531,1,1,1233,6877,0.0819169,-0.170698,3级越限
,0,59,60,1,1,1233,1028,-0.436813,-0.177106,3级越限
,0,59,64,1,1,1233,3284,-0.655604,-0.0273277,3级越限
,0,59,372,1,1,1233,3885,-0.990683,-0.540808,3级越限
,0,59,372,1,1,1233,3885,-0.990683,-0.540808,3级越限
,0,59,372,1,1,1233,3885,-0.990683,-0.540808,3级越限
,0,121,120,1,1,1069,531,0.925141,0.165121,3级越限
,0,364,8,1,1,3793,2496,11.5631,-2.48969,3级越限
,0,364,8,1,1,3793,2496,11.5631,-2.48969,3级越限
,0,364,459,1,1,3793,5211,-3.38413,0.641979,3级越限
,0,364,459,1,1,3793,5211,-3.38413,0.641979,3级越限
,0,364,549,1,1,3793,7625,-2.1347,-0.737175,3级越限
,0,190,367,1,1,2824,3868,0.0413462,0.00210333,3级越限
,0,190,367,1,1,2824,3868,0.0413462,0.00210333,3级越限
,0,190,139,1,1,2824,818,1.94074,0.0480955,3级越限
,0,190,139,1,1,2824,818,1.94074,0.0480955,3级越限
,0,190,123,1,1,2824,2102,-1.21259,0.0580814,3级越限
,0,190,519,1,1,2824,6825,-0.0414013,-0.02465,3级越限
,0,190,221,1,1,2824,2790,0.0881471,0.0103854,3级越限
,0,190,194,1,1,2824,452,-1.92026,-0.135103,3级越限
,0,631,234,1,1,10411,2110,-0.00211751,0.104375,3级越限
,0,631,234,1,1,10411,2110,-0.00211751,0.104375,3级越限
,0,590,124,1,1,8801,3184,1.30509,0.564075,3级越限
,0,590,124,1,1,8801,3184,1.30509,0.564075,3级越限
,0,590,289,1,1,8801,891,-1.58121,-0.57614,3级越限
,0,590,289,1,1,8801,891,-1.58121,-0.57614,3级越限
,0,583,477,1,1,8740,5253,0.735824,0.127962,3级越限
,0,499,618,1,1,6635,8505,-3.57953,-0.360305,3级越限
,0,499,618,1,1,6635,8505,-3.57953,-0.360305,3级越限
,0,499,270,1,1,6635,795,1.65203,0.390994,3级越限
,0,499,270,1,1,6635,795,1.65203,0.390994,3级越限
,0,587,451,1,1,8768,5151,0.240572,0.0835111,3级越限
,0,575,572,1,1,1072,8489,-2.05746,0.00588981,3级越限
,0,575,572,1,1,1072,8489,-2.05746,0.00588981,3级越限
,0,565,246,1,1,8310,3005,0.00075613,0.0838876,3级越限
,0,432,596,1,1,3958,9127,-0.42312,-0.0069329,3级越限
,0,432,433,1,1,3958,3523,1.18612,-0.132308,3级越限
,0,432,433,1,1,3958,3523,1.18612,-0.132308,3级越限
,0,432,433,1,1,3958,3523,1.18612,-0.132308,3级越限
,0,432,501,1,1,3958,6688,0.188949,0.028138,3级越限
,0,432,501,1,1,3958,6688,0.188949,0.028138,3级越限
,0,432,92,1,1,3958,1467,0.330474,0.150922,3级越限
,0,432,553,1,1,3958,10660,0.055734,0.147201,3级越限
,0,432,553,1,1,3958,10660,0.055734,0.147201,3级越限
,0,528,513,1,1,6867,6742,0.237613,-0.0740868,3级越限
,0,539,635,1,1,7272,10523,-0.367595,-0.0197788,3级越限
,0,539,559,1,1,7272,8143,-0.44645,-0.0191323,3级越限
,0,539,477,1,1,7272,5253,1.04375,0.150786,3级越限
,0,539,477,1,1,7272,5253,1.04375,0.150786,3级越限
,0,539,617,1,1,7272,10185,-0.21612,-0.0889078,3级越限
,0,62,96,1,1,3426,474,0.60415,-0.159046,3级越限
,0,62,52,1,1,3426,1000,-2.09704,1.29449,3级越限
,0,62,52,1,1,3426,1000,-2.09704,1.29449,3级越限
,0,62,395,1,1,3426,4054,-3.01818,-0.631582,3级越限
,0,62,395,1,1,3426,4054,-3.01818,-0.631582,3级越限
,0,62,97,1,1,3426,10898,0.531273,-0.15399,3级越限
,0,98,264,1,1,1520,2735,0.607592,0.222803,3级越限
,0,98,252,1,1,1520,2489,1.60651,0.417143,3级越限
,0,98,252,1,1,1520,2489,1.60651,0.417143,3级越限
,0,98,99,1,1,1520,1214,0.157343,-0.0595941,3级越限
,0,98,99,1,1,1520,1214,0.157343,-0.0595941,3级越限
,0,98,92,1,1,1520,1467,-1.09481,-0.737568,3级越限
,0,98,92,1,1,1520,1467,-1.09481,-0.737568,3级越限
,0,98,102,1,1,1520,2073,2.23941,0.252207,3级越限
,0,98,102,1,1,1520,2073,2.23941,0.252207,3级越限
,0,93,94,1,1,1479,607,-2.18975,-0.0528392,3级越限
,0,93,94,1,1,1479,607,-2.18975,-0.0528392,3级越限
,0,43,42,1,1,10902,1382,2.45164,-0.418056,3级越限
,0,122,564,1,1,1505,8145,-1.6164,-0.341376,3级越限
,0,122,320,1,1,1505,3371,0.479753,0.111104,3级越限
,0,122,102,1,1,1505,2073,-1.12895,-0.0332411,3级越限
,0,122,102,1,1,1505,2073,-1.12895,-0.0332411,3级越限
,0,113,83,1,1,1809,1662,2.40436,0.114234,3级越限
,0,113,83,1,1,1809,1662,2.40436,0.114234,3级越限
,0,113,112,1,1,1809,1596,3.75167,-0.253095,3级越限
,0,113,112,1,1,1809,1596,3.75167,-0.253095,3级越限
,0,133,134,1,1,1781,1491,0.182035,0.119399,3级越限
,0,138,139,1,1,1321,818,-2.18272,-0.0988976,3级越限
,0,387,89,1,1,10907,1390,6.24336,-0.815949,3级越限
,0,387,386,1,1,10907,3955,-6.24333,0.816083,3级越限
,0,553,432,1,1,10660,3958,-0.0557208,-0.217229,3级越限
,0,553,432,1,1,10660,3958,-0.0557208,-0.217229,3级越限
,0,553,554,1,1,10660,7716,0.0449039,0.182829,3级越限
,0,553,554,1,1,10660,7716,0.0449039,0.182829,3级越限
,0,505,503,1,1,6705,6695,0.28405,0.0324356,3级越限
,0,455,394,1,1,5196,3556,0.0496427,0.105197,3级越限
,0,537,451,1,1,6903,5151,0.969351,0.418239,3级越限
,0,513,612,1,1,6742,10026,0.0144362,-0.111679,3级越限
,0,513,511,1,1,6742,6713,-0.40551,-0.0755326,3级越限
,0,513,511,1,1,6742,6713,-0.40551,-0.0755326,3级越限
,0,513,477,1,1,6742,5253,0.538519,-0.0421479,3级越限
,0,513,477,1,1,6742,5253,0.538519,-0.0421479,3级越限
,0,513,528,1,1,6742,6867,-0.237359,0.0521044,3级越限
,0,404,401,1,1,10923,2153,0.231217,-0.0373787,3级越限
,0,519,190,1,1,6825,2824,0.0414052,0.0176122,3级越限
,0,517,518,1,1,6818,3239,0.0451859,-0.0240709,3级越限
,0,517,530,1,1,6818,6874,-0.201012,-0.177261,3级越限
,0,517,515,1,1,6818,6796,-0.179714,0.167941,3级越限
,0,517,515,1,1,6818,6796,-0.179714,0.167941,3级越限
,0,132,268,1,1,520,2426,-2.70853,0.0527997,3级越限
,0,132,268,1,1,520,2426,-2.70853,0.0527997,3级越限
,0,132,123,1,1,520,2102,1.78225,-0.167284,3级越限
,0,341,88,1,1,3623,777,-1.12768,-0.446167,3级越限
,0,403,339,1,1,4101,10912,0.880045,-0.00777279,3级越限
,0,403,422,1,1,4101,4906,-0.435789,-0.0835985,3级越限
,0,289,290,1,1,891,2896,1.79859,0.206075,3级越限
,0,289,290,1,1,891,2896,1.79859,0.206075,3级越限
,0,289,124,1,1,891,3184,1.07127,0.358143,3级越限
,0,289,590,1,1,891,8801,1.58192,0.56711,3级越限
,0,289,590,1,1,891,8801,1.58192,0.56711,3级越限
,0,75,94,1,1,507,607,3.16117,-0.0261492,3级越限
,0,75,94,1,1,507,607,3.16117,-0.0261492,3级越限
,0,75,316,1,1,507,2940,-5.98328,-0.702199,3级越限
,0,75,316,1,1,507,2940,-5.98328,-0.702199,3级越限
,0,75,74,1,1,507,1189,-0.420539,0.117861,3级越限
,0,369,467,1,1,3841,6843,-0.0156535,-0.0531999,3级越限
,0,369,370,1,1,3841,3392,4.41252,0.167635,3级越限
,0,369,370,1,1,3841,3392,4.41252,0.167635,3级越限
,0,369,129,1,1,3841,2168,2.49037,0.518655,3级越限
,0,369,129,1,1,3841,2168,2.49037,0.518655,3级越限
,0,369,465,1,1,3841,5320,0.990583,0.00401244,3级越限
,0,369,465,1,1,3841,5320,0.990583,0.00401244,3级越限
,0,369,318,1,1,3841,849,1.7061,-0.182036,3级越限
,0,369,318,1,1,3841,849,1.7061,-0.182036,3级越限
,0,316,474,1,1,2940,10930,0.813773,-0.195352,3级越限
,0,316,544,1,1,2940,7311,1.96678,-0.407242,3级越限
,0,316,544,1,1,2940,7311,1.96678,-0.407242,3级越限
,0,316,395,1,1,2940,4054,4.99789,0.302823,3级越限
,0,316,395,1,1,2940,4054,4.99789,0.302823,3级越限
,0,316,473,1,1,2940,6116,0.791027,-0.200422,3级越限
,0,316,75,1,1,2940,507,5.99498,0.782904,3级越限
,0,316,75,1,1,2940,507,5.99498,0.782904,3级越限
,0,618,69,1,1,8505,1204,-4.37525,2.9373,3级越限
,0,618,69,1,1,8505,1204,-4.37525,2.9373,3级越限
,0,618,440,1,1,8505,2121,4.40392,0.91373,3级越限
,0,618,440,1,1,8505,2121,4.40392,0.91373,3级越限
,0,618,499,1,1,8505,6635,3.59031,0.386397,3级越限
,0,618,499,1,1,8505,6635,3.59031,0.386397,3级越限
,0,618,592,1,1,8505,8918,6.45815,-0.0468437,3级越限
,0,618,592,1,1,8505,8918,6.45815,-0.0468437,3级越限
,0,618,251,1,1,8505,1832,5.80043,-0.352778,3级越限
,0,618,251,1,1,8505,1832,5.80043,-0.352778,3级越限
,0,581,79,1,1,8551,2190,-1.35874,0.616715,3级越限
,0,581,79,1,1,8551,2190,-1.35874,0.616715,3级越限
,0,561,425,1,1,8307,1138,-0.0498682,0.0927887,3级越限
,0,541,533,1,1,7295,6890,0.133188,0.0743398,3级越限
,0,482,188,1,1,6554,2024,0.30593,0.296869,3级越限
,0,643,337,1,1,10699,2766,-0.000431992,-0.00368149,3级越限
,0,428,206,1,1,4953,2802,4.37319,-0.554051,3级越限
,0,428,206,1,1,4953,2802,4.37319,-0.554051,3级越限
,0,428,461,1,1,4953,5310,-5.62759,0.418444,3级越限
,0,428,461,1,1,4953,5310,-5.62759,0.418444,3级越限
,0,516,566,1,1,4851,8312,0.0145476,0.0242357,3级越限
,0,516,515,1,1,4851,6796,0.318168,-0.865041,3级越限
,0,516,515,1,1,4851,6796,0.318168,-0.865041,3级越限
,0,221,190,1,1,2790,2824,-0.0881329,-0.0194694,3级越限
,0,202,201,1,1,2347,2366,0.690952,0.48799,3级越限
,0,171,469,1,1,1293,5749,1.50107,0.0783986,3级越限
,0,171,85,1,1,1293,2243,-1.50108,-0.078333,3级越限
,0,394,151,1,1,3556,2223,-0.943693,-0.400118,3级越限
,0,394,434,1,1,3556,10928,-0.917129,-0.235967,3级越限
,0,394,201,1,1,3556,2366,-1.29508,-0.846646,3级越限
,0,394,435,1,1,3556,4966,-0.0797784,-0.080865,3级越限
,0,394,455,1,1,3556,5196,-0.0496337,-0.10853,3级越限
,0,620,70,1,1,10228,2047,-0.264866,0.137601,3级越限
,0,620,70,1,1,10228,2047,-0.264866,0.137601,3级越限
,0,639,27,1,1,10668,580,0.00184796,0.00448469,3级越限
,0,436,156,1,1,4981,1613,-1.14219,-0.0675358,3级越限
,0,436,156,1,1,4981,1613,-1.14219,-0.0675358,3级越限
,0,24,1,1,1,1296,1725,-5.62348,-0.514884,3级越限
,0,24,1,1,1,1296,1725,-5.62348,-0.514884,3级越限
,0,24,23,1,1,1296,1154,-0.548465,-0.978843,3级越限
,0,24,266,1,1,1296,2698,1.01932,2.2914,3级越限
,0,24,13,1,1,1296,943,-2.60747,-2.71775,3级越限
,0,24,13,1,1,1296,943,-2.60747,-2.71775,3级越限
,0,158,157,1,1,2176,1061,-1.63824,-0.142654,3级越限
,0,158,157,1,1,2176,1061,-1.63824,-0.142654,3级越限
,0,158,74,1,1,2176,1189,0.445417,0.223807,3级越限
,0,158,74,1,1,2176,1189,0.445417,0.223807,3级越限
,0,244,225,1,1,2419,2389,7.22604,2.33328,3级越限
,0,244,558,1,1,2419,7929,-3.61881,-0.254336,3级越限
,0,249,30,1,1,2838,687,-0.630602,-0.0985109,3级越限
,0,249,30,1,1,2838,687,-0.630602,-0.0985109,3级越限
,0,357,622,1,1,3751,10249,0.666102,0.057598,3级越限
,0,357,622,1,1,3751,10249,0.666102,0.057598,3级越限
,0,357,327,1,1,3751,3419,-4.70612,1.18748,3级越限
,0,357,327,1,1,3751,3419,-4.70612,1.18748,3级越限
,0,357,270,1,1,3751,795,1.01548,-1.45817,3级越限
,0,357,270,1,1,3751,795,1.01548,-1.45817,3级越限
,0,95,207,1,1,427,2230,-0.835073,-0.20884,3级越限
,0,95,207,1,1,427,2230,-0.835073,-0.20884,3级越限
,0,95,605,1,1,427,9964,-0.192374,-0.0650804,3级越限
,0,95,605,1,1,427,9964,-0.192374,-0.0650804,3级越限
,0,95,58,1,1,427,1031,-0.519607,0.178849,3级越限
,0,95,58,1,1,427,1031,-0.519607,0.178849,3级越限
,0,74,548,1,1,1189,7610,1.82978,-0.398372,3级越限
,0,74,548,1,1,1189,7610,1.82978,-0.398372,3级越限
,0,74,79,1,1,1189,2190,4.7301,-1.14518,3级越限
,0,74,79,1,1,1189,2190,4.7301,-1.14518,3级越限
,0,74,354,1,1,1189,3715,4.36796,0.396441,3级越限
,0,74,354,1,1,1189,3715,4.36796,0.396441,3级越限
,0,74,76,1,1,1189,667,0.235302,-0.0618816,3级越限
,0,74,498,1,1,1189,6628,-1.26865,-0.21571,3级越限
,0,74,498,1,1,1189,6628,-1.26865,-0.21571,3级越限
,0,74,78,1,1,1189,3227,1.65655,0.270084,3级越限
,0,74,75,1,1,1189,507,0.421452,-0.136535,3级越限
,0,74,158,1,1,1189,2176,-0.445252,-0.249533,3级越限
,0,74,158,1,1,1189,2176,-0.445252,-0.249533,3级越限
,0,74,317,1,1,1189,3350,2.09069,0.452342,3级越限
,0,74,317,1,1,1189,3350,2.09069,0.452342,3级越限
,0,185,239,1,1,995,2935,19.0147,0.278821,3级越限
,0,185,239,1,1,995,2935,19.0147,0.278821,3级越限
,0,185,239,1,1,995,2935,19.0147,0.278821,3级越限
,0,185,239,1,1,995,2935,19.0147,0.278821,3级越限
,0,185,101,1,1,995,2020,-17.7114,-0.476522,3级越限
,0,185,101,1,1,995,2020,-17.7114,-0.476522,3级越限
,0,185,580,1,1,995,8502,1.92585,-1.32174,3级越限
,0,185,580,1,1,995,8502,1.92585,-1.32174,3级越限
,0,185,342,1,1,995,3636,-18.4437,-0.190875,3级越限
,0,185,342,1,1,995,3636,-18.4437,-0.190875,3级越限
,0,285,77,1,1,3081,548,3.98261,-0.964516,3级越限
,0,285,77,1,1,3081,548,3.98261,-0.964516,3级越限
,0,276,79,1,1,2659,2190,-2.11612,0.593833,3级越限
,0,326,251,1,1,3174,1832,-0.785193,0.0961734,3级越限
,0,314,226,1,1,1058,2599,0.525708,0.270335,3级越限
,0,617,539,1,1,10185,7272,0.216566,0.0334218,3级越限
,0,35,36,1,1,10905,784,-7.00643,0.989043,3级越限
,0,35,89,1,1,10905,1390,7.00647,-0.988863,3级越限
,0,567,540,1,1,8317,7286,-0.000299769,0.0284341,3级越限
,0,450,447,1,1,4531,5133,0.794388,-0.0769715,3级越限
,0,441,148,1,1,5034,1230,-1.77394,-0.561146,3级越限
,0,441,148,1,1,5034,1230,-1.77394,-0.561146,3级越限
,0,524,374,1,1,6847,3894,0.0887903,0.0712058,3级越限
,0,73,311,1,1,1173,3346,-0.463974,0.0447564,3级越限
,0,73,72,1,1,1173,1264,0.970511,-0.0910301,3级越限
,0,145,595,1,1,1165,9118,1.10323,-0.151354,3级越限
,0,145,144,1,1,1165,1786,-2.98138,-0.166988,3级越限
,0,145,144,1,1,1165,1786,-2.98138,-0.166988,3级越限
,0,145,180,1,1,1165,2532,0.351748,0.0795914,3级越限
,0,102,564,1,1,2073,8145,0.233424,-0.0169912,3级越限
,0,102,98,1,1,2073,1520,-2.2377,-0.294337,3级越限
,0,102,98,1,1,2073,1520,-2.2377,-0.294337,3级越限
,0,102,122,1,1,2073,1505,1.13075,-0.0107954,3级越限
,0,102,122,1,1,2073,1505,1.13075,-0.0107954,3级越限
,0,48,49,1,1,1637,884,-0.884628,-0.00822022,3级越限
,0,48,213,1,1,1637,2369,-0.506138,-0.11443,3级越限
,0,48,27,1,1,1637,580,2.0468,0.0509538,3级越限
,0,48,27,1,1,1637,580,2.0468,0.0509538,3级越限
,0,48,371,1,1,1637,3882,-0.656072,0.0716678,3级越限
,0,186,184,1,1,718,2535,2.05599,0.395303,3级越限
,0,186,184,1,1,718,2535,2.05599,0.395303,3级越限
,0,10,5,1,1,276,2,15.2797,-4.60426,3级越限
,0,10,5,1,1,276,2,15.2797,-4.60426,3级越限
,0,461,206,1,1,5310,2802,2.56492,-0.330773,3级越限
,0,461,428,1,1,5310,4953,5.63217,-0.395219,3级越限
,0,461,428,1,1,5310,4953,5.63217,-0.395219,3级越限
,0,371,48,1,1,3882,1637,0.656103,-0.0718257,3级越限
,0,292,291,1,1,3258,3262,0.14602,0.106154,3级越限
,0,327,357,1,1,3419,3751,4.70824,-1.31009,3级越限
,0,327,357,1,1,3419,3751,4.70824,-1.31009,3级越限
,0,327,156,1,1,3419,1613,-6.11676,1.07514,3级越限
,0,327,156,1,1,3419,1613,-6.11676,1.07514,3级越限
,0,234,210,1,1,2110,2558,-1.89234,-0.282374,3级越限
,0,234,210,1,1,2110,2558,-1.89234,-0.282374,3级越限
,0,234,631,1,1,2110,10411,0.00212674,-0.132791,3级越限
,0,234,631,1,1,2110,10411,0.00212674,-0.132791,3级越限
,0,247,56,1,1,2452,600,-0.968706,0.263097,3级越限
,0,247,470,1,1,2452,5752,0.954989,-0.304533,3级越限
,0,247,268,1,1,2452,2426,-0.691308,-0.00970703,3级越限
,0,247,268,1,1,2452,2426,-0.691308,-0.00970703,3级越限
,0,247,330,1,1,2452,3533,-0.599988,-0.0754293,3级越限
,0,247,123,1,1,2452,2102,1.67182,-0.218079,3级越限
,0,247,123,1,1,2452,2102,1.67182,-0.218079,3级越限
,0,247,55,1,1,2452,1039,-1.73335,0.210557,3级越限
,0,634,543,1,1,10438,7304,-0.0194632,0.0519137,3级越限
,0,610,611,1,1,2309,10030,1.91154,-0.008161,3级越限
,0,592,618,1,1,8918,8505,-6.44624,-0.234313,3级越限
,0,592,618,1,1,8918,8505,-6.44624,-0.234313,3级越限
,0,592,591,1,1,8918,8897,5.3585,0.477526,3级越限
,0,592,591,1,1,8918,8897,5.3585,0.477526,3级越限
,0,468,452,1,1,5747,5178,0.120032,0.0668213,3级越限
,0,451,453,1,1,5151,5143,-1.40021,-0.0280872,3级越限
,0,451,452,1,1,5151,5178,-1.23071,-0.282033,3级越限
,0,451,452,1,1,5151,5178,-1.23071,-0.282033,3级越限
,0,451,551,1,1,5151,7641,-0.266735,-0.149222,3级越限
,0,451,587,1,1,5151,8768,-0.240326,-0.102432,3级越限
,0,451,537,1,1,5151,6903,-0.969068,-0.444856,3级越限
,0,446,376,3,1,296,240,10.4267,-3.95524,3级越限
,0,446,376,3,1,296,240,10.4267,-3.95524,3级越限
,0,446,376,3,1,296,240,10.4267,-3.95524,3级越限
,0,413,415,1,1,1782,4301,-0.0437147,-0.00372906,3级越限
,0,413,412,1,1,1782,4300,-0.0603382,-0.0147492,3级越限
,0,413,414,1,1,1782,4302,-0.00380296,-6.21532e-05,3级越限
,0,448,268,1,1,5128,2426,-0.0461073,-0.0400298,3级越限
,0,65,31,1,1,597,1559,0.841275,0.260664,3级越限
,0,65,203,1,1,597,2360,-0.429354,-0.123777,3级越限
,0,284,154,1,1,3066,1102,1.82724,0.0981821,3级越限
,0,558,244,1,1,7929,2419,3.62228,0.134121,3级越限
,0,388,37,1,1,3989,1517,-3.08804,1.11812,3级越限
,0,388,37,1,1,3989,1517,-3.08804,1.11812,3级越限
,0,388,386,1,1,3989,3955,1.41701,-1.32167,3级越限
,0,388,386,1,1,3989,3955,1.41701,-1.32167,3级越限
,0,29,344,1,1,1374,3680,0.466658,-0.480295,3级越限
,0,29,344,1,1,1374,3680,0.466658,-0.480295,3级越限
,0,29,30,1,1,1374,687,-2.03208,0.615619,3级越限
,0,29,30,1,1,1374,687,-2.03208,0.615619,3级越限
,0,29,30,1,1,1374,687,-2.03208,0.615619,3级越限
,0,86,85,1,1,1652,2243,0.725649,0.0684667,3级越限
,0,406,405,1,1,4112,4117,-0.305085,0.00261329,3级越限
,0,606,378,1,1,9899,3798,0.0449673,-0.028116,3级越限
,0,324,256,1,1,3406,2690,-0.149955,0.150843,3级越限
,0,324,118,1,1,3406,459,-1.24721,-0.0362979,3级越限
,0,324,118,1,1,3406,459,-1.24721,-0.0362979,3级越限
,0,214,106,1,1,2567,1820,0.376839,-0.0532951,3级越限
,0,214,106,1,1,2567,1820,0.376839,-0.0532951,3级越限
,0,214,277,1,1,2567,2699,-1.44126,-0.0602628,3级越限
,0,214,277,1,1,2567,2699,-1.44126,-0.0602628,3级越限
,0,343,564,1,1,3672,8145,3.24463,0.777184,3级越限
,0,343,564,1,1,3672,8145,3.24463,0.777184,3级越限
,0,343,586,1,1,3672,8764,-2.83215,-0.59727,3级越限
,0,343,222,1,1,3672,2574,0.0684138,-0.104806,3级越限
,0,343,222,1,1,3672,2574,0.0684138,-0.104806,3级越限
,0,219,218,1,1,2382,681,-0.188276,-0.0961397,3级越限
,0,219,259,1,1,2382,2683,1.55871,-0.0531413,3级越限
,0,319,595,1,1,830,9118,-0.374224,0.151881,3级越限
,0,319,175,1,1,830,436,-0.804048,0.10678,3级越限
,0,328,329,1,1,3433,3488,-1.43092,-4.59265,3级越限
,0,328,329,1,1,3433,3488,-1.43092,-4.59265,3级越限
,0,328,150,1,1,3433,1328,-1.60167,2.93606,3级越限
,0,328,150,1,1,3433,1328,-1.60167,2.93606,3级越限
,0,355,120,1,1,3725,531,0.317276,0.112606,3级越限
,0,636,560,1,1,10601,8155,0.00438935,0.0503566,3级越限
,0,619,120,1,1,10188,531,0.473949,-0.153682,3级越限
,0,619,120,1,1,10188,531,0.473949,-0.153682,3级越限
,0,619,572,1,1,10188,8489,-1.53038,0.0845838,3级越限
,0,619,572,1,1,10188,8489,-1.53038,0.0845838,3级越限
,0,591,269,1,1,8897,2549,2.15373,0.844523,3级越限
,0,591,269,1,1,8897,2549,2.15373,0.844523,3级越限
,0,591,592,1,1,8897,8918,-5.35501,-0.633212,3级越限
,0,591,592,1,1,8897,8918,-5.35501,-0.633212,3级越限
,0,591,251,1,1,8897,1832,1.44574,-0.243397,3级越限
,0,591,251,1,1,8897,1832,1.44574,-0.243397,3级越限
,0,554,91,1,1,7716,1793,2.40094,0.364147,3级越限
,0,554,91,1,1,7716,1793,2.40094,0.364147,3级越限
,0,554,553,1,1,7716,10660,-0.0448758,-0.250954,3级越限
,0,554,553,1,1,7716,10660,-0.0448758,-0.250954,3级越限
,0,540,246,1,1,7286,3005,-0.873863,0.024898,3级越限
,0,540,567,1,1,7286,8317,0.000300886,-0.040218,3级越限
,0,560,442,1,1,8155,5062,0.254558,-0.0694551,3级越限
,0,560,636,1,1,8155,10601,-0.00438906,-0.0577952,3级越限
,0,463,392,1,1,5314,4004,-0.652512,-0.148406,3级越限
,0,463,392,1,1,5314,4004,-0.652512,-0.148406,3级越限
,0,526,395,1,1,4805,4054,-0.00537497,0.0268264,3级越限
,0,39,40,1,1,1090,846,-0.611967,-0.336672,3级越限
,0,39,66,1,1,1090,2213,0.936106,-0.578682,3级越限
,0,39,66,1,1,1090,2213,0.936106,-0.578682,3级越限
,0,39,38,1,1,1090,843,-1.99779,0.117656,3级越限
,0,119,155,1,1,1603,630,14.107,1.50635,3级越限
,0,119,155,1,1,1603,630,14.107,1.50635,3级越限
,0,119,101,1,1,1603,2020,-16.2237,0.0630218,3级越限
,0,119,101,1,1,1603,2020,-16.2237,0.0630218,3级越限
,0,119,580,1,1,1603,8502,13.999,0.562343,3级越限
,0,119,580,1,1,1603,8502,13.999,0.562343,3级越限
,0,119,358,1,1,1603,2588,-13.7631,-1.3498,3级越限
,0,119,358,1,1,1603,2588,-13.7631,-1.3498,3级越限
,0,119,359,1,1,1603,3760,-13.5604,-1.28886,3级越限
,0,119,359,1,1,1603,3760,-13.5604,-1.28886,3级越限
,0,609,608,1,1,4862,4853,-0.0952659,-0.0351383,3级越限
,0,259,312,1,1,2683,3339,-0.456794,-0.260918,3级越限
,0,259,188,1,1,2683,2024,0.974891,0.366553,3级越限
,0,259,188,1,1,2683,2024,0.974891,0.366553,3级越限
,0,259,219,1,1,2683,2382,-1.55388,0.0685155,3级越限
,0,55,61,1,1,1039,3332,0.159961,0.0288523,3级越限
,0,55,56,1,1,1039,600,0.583318,0.0864118,3级越限
,0,55,268,1,1,1039,2426,0.426913,-0.0773645,3级越限
,0,55,247,1,1,1039,2452,1.73784,-0.202563,3级越限
,0,55,28,1,1,1039,1767,-0.390144,0.280163,3级越限
,0,156,69,1,1,1613,1204,5.05747,-1.21956,3级越限
,0,156,69,1,1,1613,1204,5.05747,-1.21956,3级越限
,0,156,356,1,1,1613,3728,3.07052,0.345174,3级越限
,0,156,356,1,1,1613,3728,3.07052,0.345174,3级越限
,0,156,436,1,1,1613,4981,1.14334,0.00272193,3级越限
,0,156,436,1,1,1613,4981,1.14334,0.00272193,3级越限
,0,156,327,1,1,1613,3419,6.15326,-0.856755,3级越限
,0,156,327,1,1,1613,3419,6.15326,-0.856755,3级越限
,0,527,509,1,1,6829,6718,0.370604,0.0915415,3级越限
,0,527,509,1,1,6829,6718,0.370604,0.0915415,3级越限
,0,170,480,1,1,636,6224,1.98581,0.418445,3级越限
,0,170,480,1,1,636,6224,1.98581,0.418445,3级越限
,0,170,195,1,1,636,2903,0.954577,0.210822,3级越限
,0,170,195,1,1,636,2903,0.954577,0.210822,3级越限
,0,170,88,1,1,636,777,0.475695,0.00844146,3级越限
,0,170,174,1,1,636,445,4.34086,1.1023,3级越限
,0,170,174,1,1,636,445,4.34086,1.1023,3级越限
,0,170,126,1,1,636,1124,2.46529,0.334591,3级越限
,0,170,126,1,1,636,1124,2.46529,0.334591,3级越限
,0,170,169,1,1,636,1704,3.70487,0.685605,3级越限
,0,170,169,1,1,636,1704,3.70487,0.685605,3级越限
,0,170,169,1,1,636,1704,3.70487,0.685605,3级越限
,0,331,332,1,1,3537,3578,-1.77722,-0.979533,3级越限
,0,331,148,1,1,3537,1230,5.05772,-0.922507,3级越限
,0,331,148,1,1,3537,1230,5.05772,-0.922507,3级越限
,0,402,621,1,1,1278,10235,-0.140808,-0.467045,3级越限
,0,402,621,1,1,1278,10235,-0.140808,-0.467045,3级越限
,0,402,401,1,1,1278,2153,0.120973,0.233935,3级越限
,0,402,401,1,1,1278,2153,0.120973,0.233935,3级越限
,0,335,642,1,1,3588,10697,-0.0207426,-0.0523147,3级越限
,0,335,337,1,1,3588,2766,-1.09733,-0.0940629,3级越限
,0,335,337,1,1,3588,2766,-1.09733,-0.0940629,3级越限
,0,335,336,1,1,3588,924,1.01248,0.128017,3级越限
,0,335,336,1,1,3588,924,1.01248,0.128017,3级越限
,0,335,26,1,1,3588,2146,-0.366894,0.0199883,3级越限
,0,335,543,1,1,3588,7304,-0.372704,-0.102555,3级越限
,0,574,501,1,1,7723,6688,0.179345,0.319222,3级越限
,0,579,577,1,1,6863,4813,0.0683395,-0.0359423,3级越限
,0,504,503,1,1,6702,6695,0.194005,-0.00889646,3级越限
,0,491,490,1,1,6656,6663,-0.0872947,-0.0872706,3级越限
,0,485,278,1,1,6563,1946,2.01002,-0.0476534,3级越限
,0,485,278,1,1,6563,1946,2.01002,-0.0476534,3级越限
,0,485,486,1,1,6563,5115,1.77758,-0.131765,3级越限
,0,485,486,1,1,6563,5115,1.77758,-0.131765,3级越限
,0,485,584,1,1,6563,8748,0.889157,0.350064,3级越限
,0,485,584,1,1,6563,8748,0.889157,0.350064,3级越限
,0,150,89,1,1,1328,1390,-5.32494,-0.172081,3级越限
,0,150,419,1,1,1328,263,-9.5561,-2.15633,3级越限
,0,150,419,1,1,1328,263,-9.5561,-2.15633,3级越限
,0,150,224,1,1,1328,685,17.171,3.7682,3级越限
,0,150,224,1,1,1328,685,17.171,3.7682,3级越限
,0,150,628,1,1,1328,10331,-2.0173,-0.137402,3级越限
,0,150,328,1,1,1328,3433,1.60315,-3.47039,3级越限
,0,150,328,1,1,1328,3433,1.60315,-3.47039,3级越限
,0,105,103,1,1,868,1655,-0.429801,-0.00721932,3级越限
,0,105,103,1,1,868,1655,-0.429801,-0.00721932,3级越限
,0,296,295,1,1,556,3292,-0.0804442,-0.0428043,3级越限
,0,50,51,1,1,1754,517,-0.236297,-0.110063,3级越限
,0,50,131,1,1,1754,467,-0.874124,0.210522,3级越限
,0,50,131,1,1,1754,467,-0.874124,0.210522,3级越限
,0,9,5,1,1,277,2,16.0555,-4.87627,3级越限
,0,9,5,1,1,277,2,16.0555,-4.87627,3级越限
,0,509,510,1,1,6718,6729,0.0226804,0.00435619,3级越限
,0,509,510,1,1,6718,6729,0.0226804,0.00435619,3级越限
,0,509,533,1,1,6718,6890,0.220452,0.193778,3级越限
,0,509,527,1,1,6718,6829,-0.370408,-0.0957763,3级越限
,0,509,527,1,1,6718,6829,-0.370408,-0.0957763,3级越限
,0,26,25,1,1,2146,543,-2.64915,-0.148708,3级越限
,0,26,25,1,1,2146,543,-2.64915,-0.148708,3级越限
,0,26,19,1,1,2146,1906,1.08058,0.134729,3级越限
,0,26,337,1,1,2146,2766,-0.217052,-0.216122,3级越限
,0,26,337,1,1,2146,2766,-0.217052,-0.216122,3级越限
,0,26,335,1,1,2146,3588,0.367385,-0.0561677,3级越限
,0,263,192,1,1,2669,2889,-1.14004,0.0095526,3级越限
,0,263,192,1,1,2669,2889,-1.14004,0.0095526,3级越限
,0,181,424,1,1,722,4921,-0.595071,-0.296664,3级越限
,0,181,115,1,1,722,3378,-1.34565,0.169619,3级越限
,0,181,182,1,1,722,562,0.47722,-0.00199182,3级越限
,0,175,176,1,1,436,3193,-0.780974,0.460625,3级越限
,0,175,176,1,1,436,3193,-0.780974,0.460625,3级越限
,0,175,184,1,1,436,2535,-0.551301,0.0569685,3级越限
,0,175,184,1,1,436,2535,-0.551301,0.0569685,3级越限
,0,175,584,1,1,436,8748,-0.00444724,-0.562875,3级越限
,0,175,319,1,1,436,830,0.81592,-0.139232,3级越限
,0,255,256,1,1,481,2690,0.312963,0.0200646,3级越限
,0,255,470,1,1,481,5752,-0.839552,0.0501076,3级越限
,0,270,269,1,1,795,2549,0.89481,-0.879566,3级越限
,0,270,269,1,1,795,2549,0.89481,-0.879566,3级越限
,0,270,499,1,1,795,6635,-1.65134,-0.404529,3级越限
,0,270,499,1,1,795,6635,-1.65134,-0.404529,3级越限
,0,270,357,1,1,795,3751,-1.01476,1.16375,3级越限
,0,270,357,1,1,795,3751,-1.01476,1.16375,3级越限
,0,273,21,1,1,3040,1921,-2.48983,-0.0388776,3级越限
,0,273,21,1,1,3040,1921,-2.48983,-0.0388776,3级越限
,0,273,346,1,1,3040,3687,1.58815,-0.222229,3级越限
,0,273,346,1,1,3040,3687,1.58815,-0.222229,3级越限
,0,194,109,1,1,452,1730,-3.21393,-0.241466,3级越限
,0,194,109,1,1,452,1730,-3.21393,-0.241466,3级越限
,0,194,190,1,1,452,2824,1.92779,0.162303,3级越限
,0,317,78,1,1,3350,3227,0.767086,0.125563,3级越限
,0,317,74,1,1,3350,1189,-2.08599,-0.450915,3级越限
,0,317,74,1,1,3350,1189,-2.08599,-0.450915,3级越限
,0,345,344,1,1,2183,3680,-0.286737,0.0312518,3级越限
,0,345,471,1,1,2183,5758,0.627073,0.119701,3级越限
,0,345,347,1,1,2183,3648,-1.40277,-0.165778,3级越限
,0,345,347,1,1,2183,3648,-1.40277,-0.165778,3级越限
,0,199,127,1,1,2355,2142,0.171074,0.0541407,3级越限
,0,391,469,1,1,3931,5749,-1.77954,-0.11599,3级越限
,0,391,212,1,1,3931,2375,-1.17431,-0.0979366,3级越限
,0,391,390,1,1,3931,4047,-1.53612,-0.194492,3级越限
,0,391,390,1,1,3931,4047,-1.53612,-0.194492,3级越限
,0,391,28,1,1,3931,1767,3.25727,-0.713584,3级越限
,0,391,28,1,1,3931,1767,3.25727,-0.713584,3级越限
,0,646,647,1,1,10754,7627,0.952058,0.00896473,3级越限
,0,543,641,1,1,7304,10698,-0.00156659,-0.0188695,3级越限
,0,543,634,1,1,7304,10438,0.0194645,-0.052857,3级越限
,0,543,335,1,1,7304,3588,0.373137,0.0664525,3级越限
,0,494,555,1,1,6617,7858,-0.0483828,-0.0133244,3级越限
,0,494,547,1,1,6617,7502,-0.630795,-0.101617,3级越限
,0,494,226,1,1,6617,2599,0.746922,0.248552,3级越限
,0,494,495,1,1,6617,2396,-0.0677032,-0.133485,3级越限
,0,457,458,1,1,5303,5227,0.680974,-0.0151257,3级越限
,0,457,458,1,1,5303,5227,0.680974,-0.0151257,3级越限
,0,457,460,1,1,5303,5306,-0.680974,0.0151262,3级越限
,0,549,364,1,1,7625,3793,2.13604,0.470106,3级越限
,0,431,89,1,1,10906,1390,5.77877,-0.661366,3级越限
,0,431,386,1,1,10906,3955,-5.77874,0.66149,3级越限
,0,410,411,1,1,36,367,0.908127,3.51866,3级越限
,0,410,5,1,1,36,2,-13.7516,-7.20553,3级越限
,0,410,5,1,1,36,2,-13.7516,-7.20553,3级越限
,0,13,14,1,1,943,359,-8.46608,-2.32369,3级越限
,0,13,14,1,1,943,359,-8.46608,-2.32369,3级越限
,0,13,191,1,1,943,2800,0.39986,-0.484015,3级越限
,0,13,191,1,1,943,2800,0.39986,-0.484015,3级越限
,0,13,47,1,1,943,3091,-2.10209,0.0257503,3级越限
,0,13,47,1,1,943,3091,-2.10209,0.0257503,3级越限
,0,13,24,1,1,943,1296,2.61082,1.95738,3级越限
,0,13,24,1,1,943,1296,2.61082,1.95738,3级越限
,0,342,224,1,1,3636,685,-23.3728,-0.581045,3级越限
,0,342,224,1,1,3636,685,-23.3728,-0.581045,3级越限
,0,342,185,1,1,3636,995,18.4779,0.387669,3级越限
,0,342,185,1,1,3636,995,18.4779,0.387669,3级越限
,0,407,390,1,1,4111,4047,0.731718,0.149952,3级越限
,0,251,250,1,1,1832,2469,3.83345,-0.536668,3级越限
,0,251,250,1,1,1832,2469,3.83345,-0.536668,3级越限
,0,251,618,1,1,1832,8505,-5.76894,0.472118,3级越限
,0,251,618,1,1,1832,8505,-5.76894,0.472118,3级越限
,0,251,326,1,1,1832,3174,0.785464,-0.234216,3级越限
,0,251,591,1,1,1832,8897,-1.4447,0.19277,3级越限
,0,251,591,1,1,1832,8897,-1.4447,0.19277,3级越限
,0,427,277,1,1,4946,2699,-1.84456,-0.172317,3级越限
,0,427,277,1,1,4946,2699,-1.84456,-0.172317,3级越限
,0,28,56,1,1,1767,600,0.912308,-0.281456,3级越限
,0,28,529,1,1,1767,6828,0.000822034,-0.0692692,3级越限
,0,28,268,1,1,1767,2426,0.775305,-0.239024,3级越限
,0,28,27,1,1,1767,580,-0.340528,-0.0627763,3级越限
,0,28,637,1,1,1767,10669,0.0024334,-0.154824,3级越限
,0,28,55,1,1,1767,1039,0.390891,-0.290447,3级越限
,0,28,391,1,1,1767,3931,-3.22235,0.868693,3级越限
,0,28,391,1,1,1767,3931,-3.22235,0.868693,3级越限
,0,217,262,1,1,1297,2676,2.06997,0.261399,3级越限
,0,217,262,1,1,1297,2676,2.06997,0.261399,3级越限
,0,217,352,1,1,1297,3712,-0.568394,-0.248334,3级越限
,0,217,478,1,1,1297,6153,2.37298,-0.0911845,3级越限
,0,217,478,1,1,1297,6153,2.37298,-0.0911845,3级越限
,0,217,572,1,1,1297,8489,3.36436,0.109567,3级越限
,0,217,572,1,1,1297,8489,3.36436,0.109567,3级越限
,0,217,572,1,1,1297,8489,3.36436,0.109567,3级越限
,0,217,500,1,1,1297,6681,0.515607,-0.0426882,3级越限
,0,217,500,1,1,1297,6681,0.515607,-0.0426882,3级越限
,0,217,209,1,1,1297,2542,-0.00109036,-0.250712,3级越限
,0,217,209,1,1,1297,2542,-0.00109036,-0.250712,3级越限
,0,607,358,1,1,10021,2588,9.71193,2.94491,3级越限
,0,607,358,1,1,10021,2588,9.71193,2.94491,3级越限
,0,180,145,1,1,2532,1165,-0.351383,-0.0877899,3级越限
,0,183,160,1,1,2344,1778,1.77147,0.167299,3级越限
,0,183,211,1,1,2344,2372,-0.125137,-0.14588,3级越限
,0,460,457,1,1,5306,5303,0.681617,-0.0303926,3级越限
